Shape_circ, Shape_eccent, Shape_e1, Shape_e2, Shape_corn, White_box, Black_box, Hu1, Hu2, Hu3, Hu4, Hu5, Hu6, Hu7
9.489025842106034725e-01,2.619584853031966087e+00,1.606134365292465009e+04,4.207405255254252552e+04,2.100000000000000000e+01,3.248020000000000000e+05,5.108000000000000000e+04,1.165551711717846217e+00,9.803542111163030537e-01,1.019025470704105096e+00,1.790651789814207806e+00,2.414469977727277339e+00,1.771696559959382355e+00,-1.455265384538420026e-01
1.116241971773773489e+00,4.876739298835631509e+00,1.269641727552688099e+04,6.191711708197755797e+04,1.600000000000000000e+01,3.478750000000000000e+05,3.723200000000000000e+04,1.137166913459001449e+00,8.717637262909685436e-01,9.532126016527686652e-01,1.704592713139539750e+00,2.157712286901243282e+00,1.589025223454305857e+00,-2.558703504777748439e-01
1.117166033351070675e+00,4.880929988629302052e+00,1.271723153304267908e+04,6.207191676197020570e+04,1.900000000000000000e+01,3.485320000000000000e+05,3.792400000000000000e+04,1.133266555445718193e+00,8.637289458658922170e-01,9.401914585175871197e-01,1.686905798259851874e+00,2.109365348846022226e+00,1.565265498104081665e+00,-2.526294254331250544e-01
1.105749277841713507e+00,4.693735923025831980e+00,2.411601559980536695e+04,1.131942087410578097e+05,5.100000000000000000e+01,6.485670000000000000e+05,7.761300000000000000e+04,7.079044823564066835e-01,2.653729564673940056e-01,2.067941337950062741e-01,4.292152804258054233e-01,1.239831282529362672e-01,2.210298120512653453e-01,-3.130359574989596133e-02
1.105467697577281472e+00,4.669114414434920590e+00,2.426518304330062529e+04,1.132969159163767617e+05,3.000000000000000000e+01,6.508950000000000000e+05,7.528500000000000000e+04,7.032106227446495161e-01,2.604965110368962500e-01,2.016393564144027817e-01,4.204899313903569524e-01,1.186221897147753807e-01,2.145427409510615724e-01,-3.033435560791759161e-02
1.065762938645873348e+00,4.325308320309042109e+00,4.175338521705984022e+04,1.805962644804174779e+05,6.500000000000000000e+01,1.090714000000000000e+06,2.711510000000000000e+05,4.941502486869354671e-01,1.002173650530313598e-01,6.661246919697516589e-02,1.460416208598703802e-01,1.336539101529237404e-02,4.616892980789298606e-02,-5.371287628796468649e-03
1.063109827975478261e+00,4.314879016647021004e+00,4.190895369131633197e+04,1.808320648922925466e+05,8.600000000000000000e+01,1.093436000000000000e+06,2.750780000000000000e+05,4.970115280704339722e-01,1.034124369419621853e-01,6.911257408321004603e-02,1.497139967911106095e-01,1.420537194344469352e-02,4.808809370012907813e-02,-5.489139697297770390e-03
1.205738912598507628e+00,6.341333352130189560e+00,2.271537569103839633e+04,1.440457694757491408e+05,3.700000000000000000e+01,7.109090000000000000e+05,9.157100000000000000e+04,6.857192013265243080e-01,2.325212077840593805e-01,2.098371589383704883e-01,3.950388562852189533e-01,1.087010910785061457e-01,1.904871704278380262e-01,-3.346830583563015216e-02
1.207619370777332835e+00,6.338861235237136071e+00,2.268406363861034333e+04,1.437911316564393637e+05,2.200000000000000000e+01,7.098020000000000000e+05,8.987800000000000000e+04,6.869165120930733615e-01,2.338934513443347851e-01,2.113202749629622679e-01,3.974085101236468631e-01,1.101104897493781903e-01,1.921938638614177630e-01,-3.374925931149026087e-02
1.184172500465697775e+00,5.950451856222261249e+00,3.817342166914811241e+04,2.271491078295374755e+05,4.500000000000000000e+01,1.156810000000000000e+06,1.463100000000000000e+05,5.065104969660068068e-01,1.033583166943901621e-01,8.765677458570349245e-02,1.573263637521700731e-01,1.700591203051194170e-02,5.034694252396464120e-02,-7.220884315338701662e-03
1.183719667730778635e+00,5.945777996652416242e+00,3.827723620330516133e+04,2.275879487902791006e+05,4.100000000000000000e+01,1.159485000000000000e+06,1.447900000000000000e+05,5.053878704119095788e-01,1.027463484269104388e-01,8.722759848209542255e-02,1.562959421220445899e-01,1.679082030765523259e-02,4.986346955028132799e-02,-7.149044229889711666e-03
1.101020764821054598e+00,4.700716645846718222e+00,3.337085942072642501e+04,1.568669543652194843e+05,3.900000000000000000e+01,9.057350000000000000e+05,1.727550000000000000e+05,5.623092205791526688e-01,1.423411139222635069e-01,1.021560670250147990e-01,2.163891971768174549e-01,3.036090444381701198e-02,8.162344689897177430e-02,-1.064369624252760674e-02
1.095419763461733531e+00,4.622896651217980768e+00,3.395208125439894502e+04,1.569569627328416682e+05,3.800000000000000000e+01,9.139700000000000000e+05,1.734520000000000000e+05,5.600466344537013974e-01,1.415388677812571272e-01,1.006524029274370319e-01,2.140151621568898155e-01,2.967141052447243299e-02,8.050067828182583263e-02,-1.030753386217757306e-02
1.018042340514957012e+00,3.735354294067877667e+00,3.704092005322291516e+04,1.383609597770311811e+05,3.300000000000000000e+01,8.993650000000000000e+05,2.367850000000000000e+05,5.499946826592773119e-01,1.384470170907519671e-01,8.495227156692472525e-02,2.013368715746977344e-01,2.506192612052414795e-02,7.491240904868351480e-02,-8.076989860909581168e-03
1.017582936693570472e+00,3.727029419190191373e+00,3.722990364473260706e+04,1.387569461575345485e+05,3.000000000000000000e+01,9.029570000000000000e+05,2.383690000000000000e+05,5.506120504128266813e-01,1.388378005613078170e-01,8.518959514534385491e-02,2.019418142579865738e-01,2.521213851918059634e-02,7.524351720384858666e-02,-8.118427949414761327e-03
1.087341600578267897e+00,4.620821873757607889e+00,1.707639636782037996e+04,7.890698586137937673e+04,2.800000000000000000e+01,4.610750000000000000e+05,1.146910000000000000e+05,9.012740609620228938e-01,4.978300868488468311e-01,4.443225350504863558e-01,8.650669492012528217e-01,5.289538099741164512e-01,6.096229890652166139e-01,-8.858152977997674205e-02
1.087165685266965331e+00,4.635773058021287696e+00,1.702285163283011934e+04,7.891407697016754537e+04,7.300000000000000000e+01,4.604150000000000000e+05,1.205710000000000000e+05,9.041686319649506753e-01,5.018582508379590967e-01,4.494999083605998313e-01,8.734741607813226727e-01,5.398751760287242574e-01,6.180257319183258824e-01,-8.995563360465955172e-02
1.170788276844274112e+00,5.803538865370924782e+00,2.335238379571918631e+04,1.355264669575144944e+05,4.500000000000000000e+01,7.060450000000000000e+05,1.615250000000000000e+05,6.797548149179206689e-01,2.318004523527717464e-01,1.969118854341619929e-01,3.834974566149587094e-01,1.010464959487051423e-01,1.846251264075013110e-01,-2.992740853943451351e-02
1.173235963002383642e+00,5.828455566611762784e+00,2.325373429311068321e+04,1.355333570851918194e+05,5.800000000000000000e+01,7.045720000000000000e+05,1.601300000000000000e+05,6.807188416636367201e-01,2.332434409436741629e-01,1.993357968013240722e-01,3.859274395725783569e-01,1.026879326483345900e-01,1.863720918406103488e-01,-3.021615066293632454e-02
1.053668348340307759e+00,4.235390287275886401e+00,3.662341555293845886e+04,1.551144585197841807e+05,5.600000000000000000e+01,9.469740000000000000e+05,2.635760000000000000e+05,5.383608105757327067e-01,1.292814222381650779e-01,8.594339446560082807e-02,1.901801571494238785e-01,2.296843439578589649e-02,6.836528897114112213e-02,-7.975913599735305962e-03
1.055692337510882872e+00,4.229827388093046814e+00,3.672308395471950644e+04,1.553323062869128771e+05,6.800000000000000000e+01,9.488990000000000000e+05,2.663370000000000000e+05,5.376053764263700740e-01,1.281255430664867689e-01,8.499198597763241159e-02,1.889187810722429695e-01,2.257848564960629814e-02,6.760612266622853528e-02,-7.954641544934861266e-03
1.052613290377717448e+00,4.238406802335866530e+00,2.772809778825750982e+04,1.175229582815847243e+05,4.400000000000000000e+01,7.171710000000000000e+05,1.886550000000000000e+05,6.439008394754837106e-01,2.102622518198679347e-01,1.478339395882588281e-01,3.230355273795303406e-01,6.812156616843816070e-02,1.481029849138097709e-01,-1.851604242087176444e-02
1.061521579550976702e+00,4.350729904819312210e+00,2.699634324321569875e+04,1.174537978690253221e+05,3.900000000000000000e+01,7.074630000000000000e+05,1.929470000000000000e+05,6.575008789292933198e-01,2.214724565930704936e-01,1.594433501157030419e-01,3.437063782747213914e-01,7.772240206057978718e-02,1.617202671368635769e-01,-2.081287828075396862e-02
1.068893129431921940e+00,4.412893777898314163e+00,3.461534920183189388e+04,1.527538591125413368e+05,2.700000000000000000e+01,9.135580000000000000e+05,2.428500000000000000e+05,5.574841260719060054e-01,1.407440194058376948e-01,9.648448548656725354e-02,2.105335509494964119e-01,2.839279146129515888e-02,7.897319306039099485e-02,-9.706711856122898080e-03
1.067848142425811053e+00,4.419531179904678808e+00,3.462315808730569552e+04,1.530181267136163660e+05,4.500000000000000000e+01,9.144520000000000000e+05,2.419560000000000000e+05,5.561211784647410727e-01,1.396273890734938405e-01,9.611418211846220472e-02,2.090676283121293000e-01,2.801370307059941264e-02,7.811012464049096882e-02,-9.671736699164521639e-03
1.051170989930545030e+00,4.082070956933297801e+00,1.400496714354831784e+04,5.716926962948367873e+04,2.600000000000000000e+01,3.548400000000000000e+05,7.574400000000000000e+04,1.102496078442068983e+00,8.268279819840615996e-01,8.496176603863332399e-01,1.542933415180365753e+00,1.756689829746588050e+00,1.401081950586718694e+00,-1.866406117079049132e-01
1.050540930149551633e+00,4.043678370561381463e+00,1.413199381618625193e+04,5.714523772741953871e+04,2.200000000000000000e+01,3.563660000000000000e+05,7.699000000000000000e+04,1.102235614302089273e+00,8.280158814595747208e-01,8.515470846037782593e-01,1.542429625497513168e+00,1.758020665139006011e+00,1.401659945040570898e+00,-1.848822221917078013e-01
1.051239529704000697e+00,4.073479574939475434e+00,2.156254504973599978e+04,8.783458684381187777e+04,2.400000000000000000e+01,5.457290000000000000e+05,1.137960000000000000e+05,7.842694921181198042e-01,3.545393492637368693e-01,2.745122318510228587e-01,5.736441871236541701e-01,2.234828956973637093e-01,3.412892647420829317e-01,-4.329492740596938699e-02
1.051750960800418300e+00,4.075889754615966254e+00,2.146336121875885874e+04,8.748229409116088937e+04,2.600000000000000000e+01,5.434340000000000000e+05,1.132240000000000000e+05,7.912112122308062601e-01,3.636877359390805475e-01,2.846602732985064055e-01,5.896125068005704239e-01,2.373326303707000151e-01,3.552780274185303178e-01,-4.495942708932829102e-02
1.072971540990751649e+00,4.245420255099249474e+00,1.772379405575027340e+04,7.524495428148988867e+04,3.800000000000000000e+01,4.539430000000000000e+05,5.369700000000000000e+04,9.092368051102142079e-01,5.120959528951455342e-01,4.510004775499023011e-01,8.853860752221414110e-01,5.527478802443823724e-01,6.328445296987837976e-01,-8.655591515712326989e-02
1.072203521208869192e+00,4.240740022847501400e+00,1.773559774960996583e+04,7.521205920589507150e+04,4.400000000000000000e+01,4.539010000000000000e+05,5.373900000000000000e+04,9.102341807036801180e-01,5.134843624879640300e-01,4.524894946278299468e-01,8.880710277058605495e-01,5.562176521275570273e-01,6.356243614358980665e-01,-8.685247959504757698e-02
1.057754852970267834e+00,4.043294981569784952e+00,7.314949237190070562e+03,2.957649754116833719e+04,1.400000000000000000e+01,1.828510000000000000e+05,2.124900000000000000e+04,1.947888323022780810e+00,3.065807412304677015e+00,5.566843995912523546e+00,8.099035290801756659e+00,5.434610846066903633e+01,1.416751544147161290e+01,-1.972994704407998512e+00
1.057211361996591714e+00,4.061062538366567054e+00,7.302640587601574225e+03,2.965648012146397014e+04,1.600000000000000000e+01,1.829450000000000000e+05,2.178300000000000000e+04,1.947449883244465330e+00,3.060062199393211113e+00,5.544015440891255864e+00,8.087232246256323975e+00,5.411520655341188046e+01,1.413351683407584680e+01,-1.987697644678032560e+00
1.055762858471071652e+00,4.040914329908182445e+00,7.331896441184613650e+03,2.962756539458570842e+04,8.000000000000000000e+00,1.831960000000000000e+05,2.186900000000000000e+04,1.947114055424786994e+00,3.061430591712410720e+00,5.552128457372806025e+00,8.085929068467155645e+00,5.414208244263681991e+01,1.413452401696841321e+01,-1.978189356460898551e+00
1.056140345125824886e+00,4.000932257009523596e+00,7.389326805277618405e+03,2.956419597282035465e+04,8.000000000000000000e+00,1.838360000000000000e+05,2.156400000000000000e+04,1.945192454282454353e+00,3.056855083063366063e+00,5.536660339808622489e+00,8.059993055572974185e+00,5.380716838682162972e+01,1.407884527820092657e+01,-1.952721517225125325e+00
1.018815228094810621e+00,3.494955931641553715e+00,1.402130773675897944e+04,4.900385264395740523e+04,4.600000000000000000e+01,3.266490000000000000e+05,4.551500000000000000e+04,1.170596115406601800e+00,9.671606057918598065e-01,1.035501338995784781e+00,1.828822588380122793e+00,2.508125700264425717e+00,1.796508269715817008e+00,-2.076554723891553822e-01
1.014250782115565297e+00,3.467849733609173590e+00,1.415417650974642311e+04,4.908455723878135905e+04,4.100000000000000000e+01,3.284400000000000000e+05,4.460800000000000000e+04,1.164328605905147640e+00,9.563751997571878771e-01,1.018853672361512475e+00,1.801154168293340518e+00,2.431665756585885241e+00,1.759449871519753295e+00,-2.009816460389044490e-01
1.093790429246325191e+00,4.582557750083492643e+00,9.076054857299244759e+03,4.159154552649958350e+04,3.100000000000000000e+01,2.417850000000000000e+05,3.721500000000000000e+04,1.529292943440755614e+00,1.760488667503640192e+00,2.516213196421588361e+00,4.015630133141697478e+00,1.273749949987618280e+01,5.320642222834456980e+00,-8.300103020245153118e-01
1.087868692346007915e+00,4.522469814336314897e+00,9.240381005567327520e+03,4.178934417064488662e+04,2.200000000000000000e+01,2.447040000000000000e+05,3.579300000000000000e+04,1.515133624990037564e+00,1.724800906866427841e+00,2.437401720471023658e+00,3.904752008824764253e+00,1.202070172093659473e+01,5.121069142523220208e+00,-7.849324737178458022e-01
1.051744992550408986e+00,4.097972720162755600e+00,8.164164004250043945e+03,3.345652137235140981e+04,2.000000000000000000e+01,2.072410000000000000e+05,4.801300000000000000e+04,1.747333359835070876e+00,2.405795909603178462e+00,3.902453140670271381e+00,5.890800393651354661e+00,2.821592110539751275e+01,9.127183409393772706e+00,-1.265076180982275034e+00
1.049288202661331937e+00,4.068863385792305998e+00,8.241119137426005182e+03,3.353198791622494173e+04,2.500000000000000000e+01,2.084800000000000000e+05,4.855200000000000000e+04,1.739904558028308568e+00,2.381592828008606055e+00,3.837779678525650606e+00,5.811830210946128616e+00,2.741996935163224691e+01,8.959470648983286267e+00,-1.238323632310219580e+00
1.049898071957563461e+00,4.070206967000364884e+00,1.308549653345890692e+04,5.326067915714356786e+04,5.400000000000000000e+01,3.310820000000000000e+05,7.299400000000000000e+04,1.170441850945638684e+00,9.560805410838923990e-01,1.042567778103304921e+00,1.837665210624511269e+00,2.532384688759151903e+00,1.794419591728602992e+00,-2.387799196935985746e-01
1.050029498159456454e+00,4.048999778264908755e+00,1.319432875751829852e+04,5.342383421354590246e+04,4.200000000000000000e+01,3.329440000000000000e+05,7.293200000000000000e+04,1.159869139113473224e+00,9.365954767738673414e-01,1.012616652465729183e+00,1.790215192497406793e+00,2.399505067198787867e+00,1.730190778487725289e+00,-2.284076521645524993e-01
1.048125991059776885e+00,4.043257754113599667e+00,2.101276936959022714e+04,8.496004268899641465e+04,3.400000000000000000e+01,5.299590000000000000e+05,1.141410000000000000e+05,8.034113613382634078e-01,3.799003148082322756e-01,3.009216093888746335e-01,6.175355689329686815e-01,2.619318329574805149e-01,3.802864676590896331e-01,-4.751779995332102574e-02
1.046920255247990150e+00,4.028758554838687722e+00,2.101125286929585855e+04,8.464926474505462102e+04,4.900000000000000000e+01,5.289640000000000000e+05,1.151360000000000000e+05,8.056437104040030661e-01,3.815149106292023973e-01,3.011993174613691315e-01,6.211701376002838337e-01,2.643413773144256407e-01,3.833356150558257514e-01,-4.811521485616963162e-02
1.049051148755395513e+00,4.103980098041098756e+00,1.324011962827428943e+04,5.433718745012099680e+04,3.700000000000000000e+01,3.364420000000000000e+05,7.578800000000000000e+04,1.151234527962254450e+00,9.177462957811981514e-01,9.851936232328518672e-01,1.751028663763667836e+00,2.288832634126507060e+00,1.675176174371965754e+00,-2.249080636179657811e-01
1.052655044493827630e+00,4.017882748033229312e+00,1.345942481779362424e+04,5.407839077386329882e+04,2.900000000000000000e+01,3.381620000000000000e+05,7.449600000000000000e+04,1.137189975856369273e+00,8.943711459381272766e-01,9.472904968642029688e-01,1.690332851866657382e+00,2.128862495726690618e+00,1.596405117020071041e+00,-2.074534906529232892e-01
1.052898076064893829e+00,4.107029087162111125e+00,2.358365800624806434e+04,9.685876941334440198e+04,3.800000000000000000e+01,5.997600000000000000e+05,1.322900000000000000e+05,7.335963765206796605e-01,2.987580638058323634e-01,2.226442138023001227e-01,4.731611021352155610e-01,1.501152151900816689e-01,2.584677302939097920e-01,-3.241242584934173054e-02
1.050428491855167401e+00,4.089126899789734537e+00,2.362462669195786293e+04,9.660409650357546343e+04,4.600000000000000000e+01,5.994640000000000000e+05,1.325860000000000000e+05,7.347614386175721490e-01,3.004332376528376369e-01,2.241133575861852800e-01,4.754828576938317508e-01,1.517758691539196347e-01,2.604627611015788435e-01,-3.249702609753010729e-02
1.060141978358139392e+00,4.172196953224630356e+00,2.334055123773410742e+04,9.738137676065762935e+04,2.800000000000000000e+01,5.982020000000000000e+05,1.308200000000000000e+05,7.350101873027470312e-01,2.986155490083108877e-01,2.236051487547576488e-01,4.751700416870670018e-01,1.512742793867536406e-01,2.595065472597011258e-01,-3.325689306545777379e-02
1.054361797368866149e+00,4.129934081418838332e+00,2.362253685655946902e+04,9.755952005347759405e+04,4.000000000000000000e+01,6.023340000000000000e+05,1.309260000000000000e+05,7.334343972195211947e-01,2.991899005917544874e-01,2.246237706946935808e-01,4.737508165815047523e-01,1.510833692556222407e-01,2.589805089452041353e-01,-3.252286339540493010e-02
1.091056491841949638e+00,4.499375996126914856e+00,9.223265420937852468e+03,4.149893904087517876e+04,1.300000000000000000e+01,2.429230000000000000e+05,3.113700000000000000e+04,1.533109683920809818e+00,1.772332966301730206e+00,2.536560748316313507e+00,4.042845936811114704e+00,1.292025909646302217e+01,5.374865035597848895e+00,-8.243630008828644051e-01
1.091319736972491850e+00,4.489380005678794028e+00,9.250520034612876771e+03,4.152909968552215287e+04,9.000000000000000000e+00,2.433970000000000000e+05,3.226300000000000000e+04,1.523851715670905271e+00,1.745213000615814636e+00,2.474804640756223861e+00,3.966932025812308638e+00,1.240326166482551429e+01,5.233409534942546237e+00,-8.067319655253681887e-01
1.116140960689420147e+00,4.837292779266659792e+00,1.287860959944704518e+04,6.229760522239948477e+04,1.200000000000000000e+01,3.513800000000000000e+05,3.882800000000000000e+04,1.121529889638740007e+00,8.435368315847757703e-01,9.084171799242449774e-01,1.636699223256201652e+00,1.981321045377322676e+00,1.500828991145005675e+00,-2.391625651848781065e-01
1.105037418522325288e+00,4.626633412365249498e+00,1.347860977383099817e+04,6.236058633183931670e+04,3.500000000000000000e+01,3.597230000000000000e+05,4.029100000000000000e+04,1.100846312374367253e+00,8.116906317561566331e-01,8.559963328765547441e-01,1.549066704420499097e+00,1.771122180011251990e+00,1.393511204408235393e+00,-2.121202006807549889e-01
1.107559707912083802e+00,4.769961554632537570e+00,2.362064518732133729e+04,1.126695694391388533e+05,4.100000000000000000e+01,6.419110000000000000e+05,8.255900000000000000e+04,7.093737698439215311e-01,2.659641730895905831e-01,2.082880704831683860e-01,4.314445607524092230e-01,1.253312239690598240e-01,2.224249440662912913e-01,-3.193596754272847588e-02
1.103324435341650034e+00,4.703079559225450623e+00,2.400565853098222578e+04,1.129005219428085547e+05,3.500000000000000000e+01,6.478290000000000000e+05,8.669200000000000000e+04,7.047465484381788547e-01,2.622264432735127437e-01,2.038115864519906284e-01,4.233835390126610143e-01,1.205111523852527011e-01,2.167328602165654039e-01,-3.073990081656945844e-02
1.049353527488436244e+00,4.147804336406830217e+00,3.152787010300853581e+04,1.307714363309300679e+05,4.200000000000000000e+01,8.064360000000000000e+05,2.031800000000000000e+05,5.982899028845660716e-01,1.726706404012414708e-01,1.165250858686904395e-01,2.597844129088404674e-01,4.329232954888879992e-02,1.079485575942656095e-01,-1.298956250700976540e-02
1.049536000271331870e+00,4.140189056007560708e+00,3.160878466305062466e+04,1.308663443356618081e+05,8.000000000000000000e+01,8.077800000000000000e+05,2.039670000000000000e+05,5.957044384197121012e-01,1.698564241983931689e-01,1.141675251831207327e-01,2.558777267629152030e-01,4.181963833336813791e-02,1.054558221622962921e-01,-1.279796136231316044e-02
1.115137995603531440e+00,4.863465121981308315e+00,7.829298454488362040e+03,3.807751996298631275e+04,2.300000000000000000e+01,2.143180000000000000e+05,2.716800000000000000e+04,1.713017995865740772e+00,2.268410246876598979e+00,3.645409131345291875e+00,5.600602918764606031e+00,2.526677883478316033e+01,8.423683212846766466e+00,-1.410268294392576394e+00
1.116052843123363170e+00,4.866525816184731568e+00,7.857911691622241051e+03,3.824073010857946792e+04,2.400000000000000000e+01,2.151320000000000000e+05,2.734100000000000000e+04,1.701033537576218446e+00,2.228818333248604677e+00,3.546231125904447445e+00,5.480601216069539205e+00,2.412235778726981650e+01,8.170840807581880583e+00,-1.376635658734675971e+00
1.063610328583911135e+00,4.335987232133978075e+00,4.370063802310853498e+04,1.894854085043072409e+05,3.800000000000000000e+01,1.143244000000000000e+06,3.066800000000000000e+05,4.823135599536159113e-01,9.394186619064105737e-02,6.217244485603916349e-02,1.356473979256271889e-01,1.153054395426874636e-02,4.149714972698317905e-02,-4.714376022103332342e-03
1.060425363070042648e+00,4.288698113375478904e+00,4.425411256802320713e+04,1.897925290795871988e+05,3.800000000000000000e+01,1.151376000000000000e+06,3.037140000000000000e+05,4.822610922075188933e-01,9.349906413987361942e-02,6.184422368039302342e-02,1.354073428150275316e-01,1.144914230161765689e-02,4.132524883050663067e-02,-4.739055205116032496e-03
1.097821835681353164e+00,4.619627357383615518e+00,1.156110952276940952e+04,5.340801783309379971e+04,3.900000000000000000e+01,3.093990000000000000e+05,4.282300000000000000e+04,1.248011234379618362e+00,1.096310162723383552e+00,1.290759678530294385e+00,2.226299439421114634e+00,3.756990454868629037e+00,2.327457484485416561e+00,-3.575572129633080021e-01
1.097529112305226429e+00,4.649806518907478647e+00,1.154298249932142062e+04,5.367263527297968540e+04,2.000000000000000000e+01,3.100810000000000000e+05,4.576800000000000000e+04,1.242434113942047613e+00,1.083770405293759787e+00,1.270577861915834550e+00,2.197102033875793836e+00,3.654002196821817705e+00,2.283736668108026890e+00,-3.521185086353142424e-01
1.056801571049452493e+00,4.126408958572818975e+00,3.440073365611699410e+04,1.419514955400786421e+05,3.800000000000000000e+01,8.761130000000000000e+05,1.860390000000000000e+05,5.667202003582187952e-01,1.482309282336997935e-01,9.782289209096090010e-02,2.206918504398173164e-01,3.082995407338589081e-02,8.496581464326172228e-02,-1.004937740079299771e-02
1.055359281843706087e+00,4.127498100013318627e+00,3.442280138838906714e+04,1.420800473277116835e+05,4.200000000000000000e+01,8.767960000000000000e+05,1.860840000000000000e+05,5.666853376213473181e-01,1.488799941220892431e-01,9.884609339330792388e-02,2.212910708312922359e-01,3.114044728252956390e-02,8.538292994736169927e-02,-1.007098480302878393e-02
1.059341755416066011e+00,4.298423059203167362e+00,4.415823699325305643e+04,1.898107841455572925e+05,3.500000000000000000e+01,1.150201000000000000e+06,3.057340000000000000e+05,4.823796321564359224e-01,9.395247560981027923e-02,6.192203329200836326e-02,1.356579534434204648e-01,1.150798408609415846e-02,4.150445502794512798e-02,-4.707032804964792622e-03
1.060917122464844597e+00,4.303063499478080978e+00,4.418027378580041113e+04,1.901105235246260418e+05,3.800000000000000000e+01,1.151430000000000000e+06,3.062280000000000000e+05,4.787975957751744449e-01,9.219340504304257555e-02,6.094282469468124269e-02,1.327818751009168241e-01,1.104628926878969443e-02,4.023519551055435711e-02,-4.544399463991984772e-03
9.805171406733955708e-01,3.376706184533222910e+00,1.131349109190216768e+04,3.820233533868757513e+04,3.100000000000000000e+01,2.612040000000000000e+05,7.100200000000000000e+04,1.412125104386468433e+00,1.508098006607292207e+00,1.953764637448540231e+00,3.153805835819768699e+00,7.817183203139947523e+00,3.869204292151366076e+00,-4.241226371234163572e-01
9.796823756211608947e-01,3.386907995520870074e+00,1.128057547426102974e+04,3.820627126785131259e+04,2.400000000000000000e+01,2.608440000000000000e+05,7.093500000000000000e+04,1.416362258150519748e+00,1.513867927155895909e+00,1.957553054776987933e+00,3.174880733026264501e+00,7.903001091237706888e+00,3.902491433725542969e+00,-4.346560568781994149e-01
9.784486653594568484e-01,3.363943851017585640e+00,1.143500669405438748e+04,3.846672045480919041e+04,3.600000000000000000e+01,2.635100000000000000e+05,6.947400000000000000e+04,1.402620592512479725e+00,1.482629174673277150e+00,1.901168537601102049e+00,3.087737136493350132e+00,7.469771164901537475e+00,3.756035392836781117e+00,-4.132190157299091560e-01
9.798319049657231439e-01,3.359032961547214757e+00,1.142704836053437612e+04,3.838383209622903087e+04,1.900000000000000000e+01,2.631380000000000000e+05,7.140200000000000000e+04,1.404708231952440212e+00,1.487226836379480499e+00,1.908634070716291209e+00,3.100291003395208911e+00,7.530085997093625139e+00,3.777159307994758297e+00,-4.170572021897704929e-01
1.069857058507233560e+00,4.196659661262033048e+00,1.683521583909275068e+04,7.065167120056020212e+04,1.200000000000000000e+01,4.287940000000000000e+05,5.106800000000000000e+04,9.488499965900403232e-01,5.705591775501877017e-01,5.187226623112888291e-01,1.001658326623738438e+00,7.147033721697416686e-01,7.556619466806022700e-01,-1.025020430296603724e-01
1.070654590655914618e+00,4.202258655171853263e+00,1.685410968924801273e+04,7.082532831685825658e+04,1.500000000000000000e+01,4.295460000000000000e+05,5.227800000000000000e+04,9.491598897952866487e-01,5.696419396910351596e-01,5.166499326047596652e-01,1.001243794674618659e+00,7.126895720986906602e-01,7.547432489353718132e-01,-1.032168810636390766e-01
1.099034544016219694e+00,4.716305750046697831e+00,1.553694768872369605e+04,7.327699572250230995e+04,3.200000000000000000e+01,4.226420000000000000e+05,8.578600000000000000e+04,9.660560497909039812e-01,5.898021367994422670e-01,5.583155144173884699e-01,1.059458616237166417e+00,8.056642297663630936e-01,8.125321585284542847e-01,-1.218585734211704574e-01
1.094648273294805074e+00,4.672834524827220726e+00,1.571002422868733265e+04,7.341034360168229614e+04,6.200000000000000000e+01,4.253900000000000000e+05,8.813000000000000000e+04,9.617934982178861780e-01,5.847725005377707452e-01,5.514291065542821224e-01,1.046435151071238634e+00,7.860188404988667221e-01,7.991256187846872416e-01,-1.185022992206458403e-01
1.037744915898570319e+00,3.773988075092555405e+00,1.147600515646967688e+04,4.331030661021723790e+04,2.200000000000000000e+01,2.774090000000000000e+05,3.582600000000000000e+04,1.349649972042631374e+00,1.340489934839382835e+00,1.665381146985775995e+00,2.772732006725176834e+00,5.944383925854154427e+00,3.206433681557749438e+00,-4.062432983588935009e-01
1.037490645608392104e+00,3.766154299842472852e+00,1.152774558961300500e+04,4.341526861981111870e+04,1.400000000000000000e+01,2.783530000000000000e+05,3.567500000000000000e+04,1.344814305963279333e+00,1.328666733284652013e+00,1.642634851560804021e+00,2.742403707088467701e+00,5.806820525939820676e+00,3.157349605216126953e+00,-4.002438779140371494e-01
1.035289262568037438e+00,3.763823195302530511e+00,1.151886249488181784e+04,4.335496184173655638e+04,1.800000000000000000e+01,2.780670000000000000e+05,3.556300000000000000e+04,1.344211594637622742e+00,1.328134020233386448e+00,1.642473824589995024e+00,2.739815769247932131e+00,5.798454643600744696e+00,3.153734008482354412e+00,-3.976794012863580363e-01
1.032993897919329829e+00,3.738237754030284243e+00,1.159600360697739961e+04,4.334861847947426577e+04,1.900000000000000000e+01,2.789780000000000000e+05,3.505000000000000000e+04,1.344888938454954275e+00,1.331303027063392763e+00,1.648803795597062694e+00,2.744829689410188234e+00,5.825746491196545307e+00,3.163315905343952572e+00,-3.969894545599608193e-01
1.051896113804020372e+00,4.110324639817449111e+00,1.887896605058923888e+04,7.759867933201405685e+04,3.200000000000000000e+01,4.804170000000000000e+05,1.081950000000000000e+05,8.685296559531274774e-01,4.598553346575244283e-01,3.855576977004006034e-01,7.724936567140846533e-01,4.160816900724655931e-01,5.232811241454369267e-01,-6.790811709479274705e-02
1.047571481529693704e+00,4.103929602232359919e+00,1.886425761504298134e+04,7.741758525051211473e+04,2.400000000000000000e+01,4.797240000000000000e+05,1.132320000000000000e+05,8.684589821289430134e-01,4.598015179792724894e-01,3.852510352248037506e-01,7.721609708301632180e-01,4.156550356903157550e-01,5.230260977705393222e-01,-6.779128631445807684e-02
1.051981954246105300e+00,4.100816473797829431e+00,1.883883272306379513e+04,7.725459557786163350e+04,1.800000000000000000e+01,4.788540000000000000e+05,1.075900000000000000e+05,8.680151436333893855e-01,4.594177514429569897e-01,3.849973057762688389e-01,7.712449787370356802e-01,4.147810489186653515e-01,5.221884315082373496e-01,-6.763571916701030529e-02
1.049792632696169958e+00,4.108411782838206960e+00,1.881453140250766592e+04,7.729784250264194270e+04,2.800000000000000000e+01,4.787090000000000000e+05,1.104430000000000000e+05,8.710074998843650995e-01,4.641064431585272820e-01,3.912711419015193481e-01,7.798456730521213798e-01,4.252720669535943743e-01,5.306969800827638917e-01,-6.864387453010309392e-02
1.109265765234309198e+00,4.776185672028256946e+00,2.951186063050465600e+04,1.409541258983111475e+05,2.800000000000000000e+01,8.026880000000000000e+05,1.054720000000000000e+05,6.122600890770080184e-01,1.791129350915766916e-01,1.331908494740552951e-01,2.794919284610327126e-01,5.143117797533998392e-02,1.182858020131436622e-01,-1.620963373440928793e-02
1.105990345497731342e+00,4.721583898687592651e+00,3.005766372922992741e+04,1.419197810960981005e+05,3.400000000000000000e+01,8.132690000000000000e+05,1.162310000000000000e+05,6.045155757052511625e-01,1.734278352172685389e-01,1.276542023538203008e-01,2.691779966224048248e-01,4.753799710674596474e-02,1.120979242598494352e-01,-1.516171568041886283e-02
1.108310985191153675e+00,4.765368637439141963e+00,2.946578764165105531e+04,1.404153403049657936e+05,3.600000000000000000e+01,8.005000000000000000e+05,1.027660000000000000e+05,6.108571437791586733e-01,1.781760146936309519e-01,1.322516752665337525e-01,2.776876003430854833e-01,5.075155598573874438e-02,1.172143820722408719e-01,-1.600412969714075026e-02
1.101990277836328413e+00,4.691807619170914379e+00,3.051944856103236089e+04,1.431913812915464223e+05,3.100000000000000000e+01,8.230330000000000000e+05,1.090670000000000000e+05,5.997629788200803391e-01,1.697385636449398605e-01,1.241413451615217406e-01,2.627121430218432585e-01,4.516378038873649498e-02,1.082347179917596824e-01,-1.453053689162597459e-02
1.067536090675868854e+00,4.253995314346245671e+00,2.672353408976591891e+04,1.136817888006363792e+05,4.200000000000000000e+01,6.893510000000000000e+05,1.213970000000000000e+05,6.652585103700761060e-01,2.286008827195990800e-01,1.639786404219743254e-01,3.555580298883891377e-01,8.306874364694398494e-02,1.699610987549156904e-01,-2.168994886406423045e-02
1.064729651266614230e+00,4.193552736317387897e+00,2.721077397414350708e+04,1.141098156565834652e+05,5.000000000000000000e+01,6.970900000000000000e+05,1.252080000000000000e+05,6.611037553234533348e-01,2.260421475972669292e-01,1.610123079140449720e-01,3.495195252220881788e-01,8.026922765881656929e-02,1.661379943461982756e-01,-2.078129301845405702e-02
1.082109652606570105e+00,4.525290107791429151e+00,2.451502267527193180e+04,1.109375896046906564e+05,5.600000000000000000e+01,6.543730000000000000e+05,1.453190000000000000e+05,6.966519085944486989e-01,2.557434229722077568e-01,1.921229181549638787e-01,4.070134462458163682e-01,1.103171328045391697e-01,2.057592672526446231e-01,-2.800315203589453378e-02
1.081379298885270179e+00,4.493711529273653582e+00,2.460204912326803606e+04,1.105545117889863468e+05,3.900000000000000000e+01,6.543760000000000000e+05,1.428440000000000000e+05,6.950758337508911033e-01,2.557420474338734651e-01,1.921865034050007082e-01,4.054373136077912831e-01,1.097865469302705815e-01,2.049604109234040572e-01,-2.748252270242980758e-02
9.813668377394256792e-01,3.206105807748296233e+00,2.055068954647658393e+04,6.588768510819078074e+04,2.800000000000000000e+01,4.620230000000000000e+05,1.092530000000000000e+05,8.787054250984456250e-01,4.871065078697660589e-01,3.889427071556642024e-01,7.913088375490777704e-01,4.354246743673694797e-01,5.517761333968035364e-01,-5.589252740197372948e-02
9.805700603575697727e-01,3.189897291890066100e+00,2.055006481483881362e+04,6.555259610101966246e+04,6.100000000000000000e+01,4.608500000000000000e+05,1.102900000000000000e+05,8.789690219021348838e-01,4.880953689818605667e-01,3.900599412669650823e-01,7.923142584620799234e-01,4.369268713614748445e-01,5.530406443152866558e-01,-5.572030805537855902e-02
9.781262606050789010e-01,3.129754083361191874e+00,3.407461230401763169e+04,1.066451569974486920e+05,1.500000000000000000e+01,7.568240000000000000e+05,1.761160000000000000e+05,6.101971154263892139e-01,1.899646016930522097e-01,1.123949982435078487e-01,2.733605746974256956e-01,4.661877791024306161e-02,1.191255649314832687e-01,-1.107241104487985926e-02
9.795442037116912637e-01,3.171162398305989782e+00,3.360014879974054929e+04,1.065515284512233629e+05,3.200000000000000000e+01,7.512750000000000000e+05,1.802050000000000000e+05,6.121675210262876865e-01,1.907896072574818136e-01,1.135649683437743029e-01,2.756975089795614120e-01,4.742440547726622935e-02,1.204046074231139157e-01,-1.143412403435299478e-02
9.813100380735236827e-01,3.203932526505134604e+00,4.374935644948056142e+04,1.401699861421579553e+05,2.500000000000000000e+01,9.831990000000000000e+05,2.268910000000000000e+05,5.120864699537115428e-01,1.149611827118778851e-01,6.207343492329464585e-02,1.617231930783970817e-01,1.538808361032383346e-02,5.482793932468599946e-02,-5.075759878261274470e-03
9.824974050930710412e-01,3.190751845002012477e+00,4.393748226399644045e+04,1.401936025985898450e+05,3.300000000000000000e+01,9.853980000000000000e+05,2.276220000000000000e+05,5.123038671325784721e-01,1.153638196171832553e-01,6.238926239727746875e-02,1.621003563171684037e-01,1.548978774572054747e-02,5.505215228914965564e-02,-5.080298258492418895e-03
1.171127830760799071e+00,5.766088292133145110e+00,1.338756464425801823e+04,7.719387975543178618e+04,4.200000000000000000e+01,3.982680000000000000e+05,4.647600000000000000e+04,1.031629476628722397e+00,6.708600712525211174e-01,7.024420889892932784e-01,1.293549185314939676e+00,1.217219967769940681e+00,1.057813528333473085e+00,-1.969284628445237550e-01
1.170120553144246234e+00,5.711284551489384853e+00,1.355783704774640501e+04,7.743266528240450134e+04,5.800000000000000000e+01,4.015800000000000000e+05,4.316400000000000000e+04,1.019014248419661151e+00,6.520767932517660403e-01,6.746966172258793693e-01,1.247937961749217006e+00,1.130155163217485548e+00,1.006143393063732239e+00,-1.844055428510595895e-01
8.203169515139770995e-01,1.804909282022021833e+00,1.302332428383616570e+04,2.350591888267869581e+04,2.400000000000000000e+01,2.197260000000000000e+05,7.448400000000000000e+04,1.621136703036839988e+00,2.117848361490408671e+00,3.104509117137663310e+00,4.649363630592610264e+00,1.766100891449361399e+01,6.764704579980667098e+00,-3.198960291555472679e-01
8.144932743283372911e-01,1.797122356565232115e+00,1.297474408004596626e+04,2.331720265696299975e+04,2.900000000000000000e+01,2.183660000000000000e+05,7.597900000000000000e+04,1.630505119183751628e+00,2.151999700005729821e+00,3.193940269493207751e+00,4.739943259388677888e+00,1.843992245882004610e+01,6.951917942461135702e+00,-3.166415661239501134e-01
8.095451330541285628e-01,1.736223117540062644e+00,2.147193806006563682e+04,3.728007523827428668e+04,3.300000000000000000e+01,3.552330000000000000e+05,1.195790000000000000e+05,1.063519117991204244e+00,8.059635678333664233e-01,7.331703503516243670e-01,1.354881740820489844e+00,1.349322976301720045e+00,1.216032844986081995e+00,-5.330426651728081833e-02
8.073517085896092516e-01,1.740561103731767867e+00,2.145866308218860286e+04,3.735011429894233879e+04,3.000000000000000000e+01,3.554490000000000000e+05,1.209510000000000000e+05,1.065684044316730139e+00,8.071658954884216586e-01,7.316151541749444931e-01,1.359740325187837939e+00,1.355123761033681706e+00,1.221302762684125076e+00,-5.414194801429794701e-02
8.076512457708927561e-01,1.712052440843701451e+00,2.597131543990333012e+04,4.446425399080821080e+04,2.000000000000000000e+01,4.266880000000000000e+05,1.414080000000000000e+05,9.173186583081127665e-01,5.655399087814769743e-01,4.334982345753873312e-01,8.803577104971718192e-01,5.431174471413710014e-01,6.618829904980222389e-01,-2.829744390249752661e-02
8.122548875549778780e-01,1.718244851509111548e+00,2.602105995655559673e+04,4.471055230116155872e+04,2.500000000000000000e+01,4.283570000000000000e+05,1.384470000000000000e+05,9.079990981588903498e-01,5.587797665350690002e-01,4.337927517110576892e-01,8.622919252440647275e-01,5.267081286210991697e-01,6.444125955687101115e-01,-2.658741274584591752e-02
8.073753211576737421e-01,1.710487889897097435e+00,3.261299587415193309e+04,5.578413449600087915e+04,1.500000000000000000e+01,5.355490000000000000e+05,1.761940000000000000e+05,7.603818458419980830e-01,3.541160758668105424e-01,2.171786046787210767e-01,5.089676733929231478e-01,1.687270188263239323e-01,3.028090814586335000e-01,-1.286714442148030602e-02
8.082974058149059449e-01,1.695211187528996577e+00,3.331512700371679239e+04,5.647617601065008057e+04,4.700000000000000000e+01,5.446200000000000000e+05,1.864600000000000000e+05,7.528217199737450294e-01,3.467298988581324348e-01,2.114903628364405985e-01,4.954997467345076956e-01,1.599476083745133281e-01,2.917083922084823810e-01,-1.206827454231347574e-02
8.076392313983700166e-01,1.717089775248396455e+00,3.254062077620119453e+04,5.587516721505061287e+04,2.900000000000000000e+01,5.353740000000000000e+05,1.734560000000000000e+05,7.637100596863322099e-01,3.584717859753727143e-01,2.217694569216739908e-01,5.159514749880393936e-01,1.740298996257926556e-01,3.088451702791527032e-01,-1.317127357377148589e-02
8.077395252269201631e-01,1.709932684239947598e+00,3.308121374665183248e+04,5.656664861972782091e+04,4.900000000000000000e+01,5.431440000000000000e+05,1.837770000000000000e+05,7.524796304041055928e-01,3.461305946713261195e-01,2.110386064568177122e-01,4.948852039660102120e-01,1.594650712561781758e-01,2.910925649978647334e-01,-1.222315680742581956e-02
1.169507705349914772e+00,5.673508641948465048e+00,1.872222555772993655e+04,1.062207084982892120e+05,6.400000000000000000e+01,5.538480000000000000e+05,6.773400000000000000e+04,8.043355962136602422e-01,3.609852199876243395e-01,3.256228523855045909e-01,6.295183313829597616e-01,2.776634079952804424e-01,3.779516185276218798e-01,-6.432293400616927170e-02
1.165694939611202630e+00,5.678224299028663324e+00,1.862414622584314202e+04,1.057520796482455044e+05,4.700000000000000000e+01,5.513830000000000000e+05,6.897300000000000000e+04,8.050858832562801659e-01,3.607932689682815108e-01,3.249248331365862108e-01,6.300761382258703858e-01,2.776220119602346714e-01,3.781885794614259222e-01,-6.482251732570161462e-02
9.656439066520748904e-01,3.167161393972036443e+00,2.155161003718763823e+04,6.825742728772092960e+04,3.500000000000000000e+01,4.818210000000000000e+05,1.235170000000000000e+05,8.467771906733564391e-01,4.442013125962115394e-01,3.406989530983844383e-01,7.094810327186664711e-01,3.456674918575243782e-01,4.724529822419623604e-01,-4.676207093737032305e-02
9.773737634131262064e-01,3.185422368997516074e+00,2.168344224057609972e+04,6.907092194999672938e+04,2.200000000000000000e+01,4.859330000000000000e+05,1.142400000000000000e+05,8.403485786793184475e-01,4.381481223280036530e-01,3.367339133274472873e-01,6.970775414930532321e-01,3.346899055978519444e-01,4.610118314320375554e-01,-4.518646783834760761e-02
1.254930396882707910e+00,6.991650445003545933e+00,2.847695226896760869e+04,1.991008960036721255e+05,4.300000000000000000e+01,9.355330000000000000e+05,1.190870000000000000e+05,6.074977095003498695e-01,1.662035812078094255e-01,1.616783236660404022e-01,2.766669589760114012e-01,5.490677042739167818e-02,1.126672074883252189e-01,-2.022788122123080415e-02
1.291116246934965961e+00,7.820020819753797703e+00,2.491604907121462747e+04,1.948440224829056533e+05,3.300000000000000000e+01,8.704390000000000000e+05,1.362360000000000000e+05,6.265093323187027607e-01,1.801924642246417185e-01,1.834090650831415592e-01,3.045066105134502932e-01,6.788694566651971851e-02,1.291328478887396602e-01,-2.387354142105588967e-02
1.181265696889682637e+00,6.237247851080096162e+00,4.286455908915243344e+04,2.673568790663118125e+05,6.800000000000000000e+01,1.340624000000000000e+06,2.410240000000000000e+05,4.734818216532870050e-01,8.707648124727929151e-02,7.641624561688904749e-02,1.276381790456252996e-01,1.151110307718031765e-02,3.730148862798632337e-02,-5.137686501825986830e-03
1.251546630535278481e+00,7.079180324525790269e+00,4.004810917428345419e+04,2.835077865010482492e+05,3.400000000000000000e+01,1.329675000000000000e+06,1.911430000000000000e+05,4.761840110273700688e-01,8.639470498142370891e-02,8.192045116884728861e-02,1.277350306192008289e-01,1.185752997460854698e-02,3.700785354780444791e-02,-5.489436624261369475e-03
1.167121732121993771e+00,5.719784499687545321e+00,4.219474984880583361e+04,2.413448761533930083e+05,7.600000000000000000e+01,1.258939000000000000e+06,1.928090000000000000e+05,4.791735583541421040e-01,8.949134762379262753e-02,7.353152256665437814e-02,1.323493619827924295e-01,1.193785126596196705e-02,3.933006587575704066e-02,-5.287176449345907039e-03
1.167676713431788027e+00,5.715254908927937194e+00,4.211400422922900179e+04,2.406922694057129556e+05,7.200000000000000000e+01,1.255999000000000000e+06,1.934150000000000000e+05,4.802926412425959635e-01,8.989993779258202700e-02,7.387405933351395837e-02,1.332161779882692909e-01,1.208096939782332853e-02,3.968194581580575947e-02,-5.357040140868281862e-03
1.175103573572342075e+00,5.823638595097485826e+00,2.373598021065531066e+04,1.382297704472424230e+05,2.500000000000000000e+01,7.126490000000000000e+05,9.069700000000000000e+04,6.781554870410517744e-01,2.287075196900159313e-01,1.957402194508021109e-01,3.808403406258938917e-01,9.955259002145815106e-02,1.821236378442614434e-01,-3.002254546395896270e-02
1.176786691956754449e+00,5.808863654031891421e+00,2.389573110336271930e+04,1.388070438928430958e+05,2.100000000000000000e+01,7.164640000000000000e+05,9.529400000000000000e+04,6.761888670541882362e-01,2.275538995595360048e-01,1.945802839277114282e-01,3.780813336210740450e-01,9.820549562991909287e-02,1.803479117606455184e-01,-2.952586342264899161e-02
1.197808542310023761e+00,6.148211963118193957e+00,2.515323969972557097e+04,1.546474492330322391e+05,4.200000000000000000e+01,7.738830000000000000e+05,9.222500000000000000e+04,6.472043940885474633e-01,2.003217734591404564e-01,1.761061585118902373e-01,3.326962752623176534e-01,7.656088306861742743e-02,1.489020722634095961e-01,-2.497110947437511386e-02
1.195682368455027955e+00,6.156221898410046300e+00,2.512143841495132074e+04,1.546531492896826821e+05,6.000000000000000000e+01,7.734430000000000000e+05,9.442300000000000000e+04,6.465019984396700448e-01,1.994083625662192993e-01,1.754369743368068557e-01,3.313943686330481087e-01,7.592533993429013972e-02,1.479800490779391020e-01,-2.490538221142147776e-02
1.038196488101302606e+00,3.597853880544819472e+00,5.114716138272109674e+04,1.840200130596752279e+05,5.700000000000000000e+01,1.216604000000000000e+06,2.605480000000000000e+05,4.537339384556681177e-01,7.910056745501457820e-02,4.488546894882201876e-02,1.117203030837102817e-01,7.275040999643338571e-03,3.135934119863695996e-02,-3.108595338768932199e-03
1.043608801997608415e+00,3.657442413165272299e+00,5.008482966092610150e+04,1.831823802580291813e+05,5.200000000000000000e+01,1.201198000000000000e+06,2.581670000000000000e+05,4.600736240595723059e-01,8.266688940201338820e-02,4.808551653949041244e-02,1.169290652486552895e-01,8.088777228335067987e-03,3.355860036821929626e-02,-3.383205495862153661e-03
1.108186256210620169e+00,4.818130605346216733e+00,1.433225991358271858e+04,6.905470013340962760e+04,2.100000000000000000e+01,3.931960000000000000e+05,6.617800000000000000e+04,1.024996912548997718e+00,6.796190501783192506e-01,6.771861430876855437e-01,1.258999093523993196e+00,1.151344044169053449e+00,1.036361580021700979e+00,-1.606491146185392571e-01
1.108541489294504911e+00,4.823124804313085434e+00,1.432008487751845678e+04,6.906755657262797467e+04,2.600000000000000000e+01,3.930700000000000000e+05,6.584600000000000000e+04,1.024845471785441831e+00,6.785168262563467945e-01,6.750043919096722078e-01,1.257513219166741303e+00,1.147337999439945522e+00,1.034298967402500935e+00,-1.609319423245353931e-01
1.026480283396136395e+00,3.744545624691149932e+00,3.697369578832120169e+04,1.384496907928197470e+05,5.900000000000000000e+01,8.972390000000000000e+05,1.909600000000000000e+05,5.529190348495237606e-01,1.409547444625181833e-01,8.729316239065407212e-02,2.050667141434149299e-01,2.615245382836717258e-02,7.698852551035145764e-02,-8.296090940777715167e-03
1.026323263156263987e+00,3.721083958766846944e+00,3.720533198384902789e+04,1.384441640256957326e+05,4.300000000000000000e+01,9.000160000000000000e+05,1.901360000000000000e+05,5.517119387539167752e-01,1.399317494831688879e-01,8.618085935237752848e-02,2.035509965976455837e-01,2.568261811103904335e-02,7.614157715019134742e-02,-8.199343618006933385e-03
1.017748222387751200e+00,3.716348944925389919e+00,1.177847053161258373e+04,4.377290653299322003e+04,2.100000000000000000e+01,2.852440000000000000e+05,7.610600000000000000e+04,1.315083470200617555e+00,1.263059804537523201e+00,1.517449643094272993e+00,2.561054315491239297e+00,5.036180598224397897e+00,2.874875305905714384e+00,-3.562767277433436242e-01
1.017421408259944871e+00,3.705217607612262043e+00,1.184976212270965334e+04,4.390594726308066311e+04,2.500000000000000000e+01,2.865320000000000000e+05,7.773400000000000000e+04,1.309563749580169301e+00,1.254241459453686813e+00,1.506969237220258995e+00,2.534392293672335761e+00,4.940780248832497890e+00,2.835006416900757831e+00,-3.468317176057733597e-01
1.078934884529805238e+00,4.353718746307174037e+00,3.666406173537987343e+04,1.596250128930869105e+05,5.000000000000000000e+01,9.532190000000000000e+05,1.284910000000000000e+05,5.409048262499311921e-01,1.290107507072686399e-01,8.787244146284710344e-02,1.925145554556690619e-01,2.357924374003880774e-02,6.912532568307791503e-02,-8.425225274979603052e-03
1.077480400507429215e+00,4.314282232945753748e+00,3.696457400061296357e+04,1.594756048592530715e+05,5.600000000000000000e+01,9.566310000000000000e+05,1.288250000000000000e+05,5.405581378488482081e-01,1.287103892534766925e-01,8.723012434290187966e-02,1.919861480861004832e-01,2.339048673347908502e-02,6.885557326490100716e-02,-8.375951382473958290e-03
1.214895596344949924e+00,6.455347185184653114e+00,2.069749796049806173e+04,1.336095351996662503e+05,3.400000000000000000e+01,6.532440000000000000e+05,8.161200000000000000e+04,7.271102360372909690e-01,2.705754882307105924e-01,2.497732851695954048e-01,4.699514928684203063e-01,1.547012882996106342e-01,2.444205490114687018e-01,-4.462840891306825430e-02
1.212588879334163483e+00,6.391819244113170484e+00,2.092411350234464044e+04,1.337431513502947055e+05,2.900000000000000000e+01,6.569760000000000000e+05,8.116000000000000000e+04,7.230012660374810496e-01,2.672042556288637405e-01,2.454450617767261478e-01,4.624005520571767835e-01,1.496520674238499826e-01,2.389924368720120484e-01,-4.325368205522334142e-02
1.199438259266326856e+00,6.132515156418413937e+00,2.170120053530621226e+04,1.330829411952407390e+05,5.800000000000000000e+01,6.675420000000000000e+05,9.006800000000000000e+04,7.084826337317009504e-01,2.544589254531497424e-01,2.265629682930227207e-01,4.341396189851058907e-01,1.306946547797689651e-01,2.189738088803945271e-01,-3.817745493778849919e-02
1.208194026008884814e+00,6.327564738421099122e+00,2.115179554613534128e+04,1.338393556520184211e+05,3.700000000000000000e+01,6.610340000000000000e+05,7.710200000000000000e+04,7.168541615558652325e-01,2.616823213584867913e-01,2.383034064734950441e-01,4.505007931958198708e-01,1.417417782544238281e-01,2.304276478463625766e-01,-4.119765060069620344e-02
1.048765738771409772e+00,3.983797852227188407e+00,4.788937707468675217e+04,1.907815975346350169e+05,3.300000000000000000e+01,1.197702000000000000e+06,2.404880000000000000e+05,4.659369838783160023e-01,8.524580874865235469e-02,5.297262769699871698e-02,1.217047317924888211e-01,9.005880232478788786e-03,3.545705902819913657e-02,-3.793104583114740788e-03
1.048703760737835555e+00,3.971335854216093697e+00,4.801623598280904116e+04,1.906885995430304611e+05,4.900000000000000000e+01,1.198979000000000000e+06,2.451160000000000000e+05,4.654823862365833897e-01,8.531473463386134160e-02,5.305884799291997467e-02,1.215745165906297748e-01,9.005704994146426431e-03,3.543419001696458681e-02,-3.773532001972483389e-03
1.037471965607033253e+00,3.844579462876782205e+00,1.249642148349004856e+04,4.804348539487805101e+04,3.500000000000000000e+01,3.068130000000000000e+05,5.904900000000000000e+04,1.246648600036421417e+00,1.114162205222901436e+00,1.280829815044088216e+00,2.201383663915581934e+00,3.684761478807699220e+00,2.320720112000530300e+00,-2.942070672070649096e-01
1.035875003038832398e+00,3.836777822105695179e+00,1.252725402684309665e+04,4.806429042207585735e+04,2.700000000000000000e+01,3.072860000000000000e+05,5.901000000000000000e+04,1.239716277327129745e+00,1.100238867741411664e+00,1.258412069203540762e+00,2.166388090524385746e+00,3.565453650801233554e+00,2.269515275100462581e+00,-2.868550395236764139e-01
9.352179463172477503e-01,2.847548731576625247e+00,1.143474566480618523e+04,3.256099551372016867e+04,2.200000000000000000e+01,2.424500000000000000e+05,6.787000000000000000e+04,1.504070043163577619e+00,1.758661350161639270e+00,2.410984006570192406e+00,3.770732931511713737e+00,1.136025643020843390e+01,4.997019592223751694e+00,-4.547592091386603030e-01
9.372729982425062056e-01,2.836912193425980000e+00,1.152613702888312400e+04,3.269863868033722974e+04,1.900000000000000000e+01,2.439290000000000000e+05,7.158500000000000000e+04,1.498178979652788456e+00,1.743990644910666798e+00,2.381808663747902788e+00,3.728154460591201147e+00,1.110062956708064164e+01,4.919957119685428815e+00,-4.437133572264313486e-01
9.376856808329029347e-01,2.848039288930597657e+00,1.825993700671920669e+04,5.200501800853407622e+04,1.500000000000000000e+01,3.872000000000000000e+05,1.098360000000000000e+05,1.007939254645203953e+00,6.916628143918158722e-01,6.233661276606003998e-01,1.176668440984120156e+00,1.003995736687465445e+00,9.777583179618647424e-01,-8.690452419142191687e-02
9.370150703644692936e-01,2.825909742139232961e+00,1.848231706248423870e+04,5.222935984418038424e+04,3.400000000000000000e+01,3.903850000000000000e+05,1.111860000000000000e+05,1.000006487368860553e+00,6.797244909539523761e-01,6.081350376193231932e-01,1.150545157533644725e+00,9.587950488567280605e-01,9.477743283265820384e-01,-8.321896507101184115e-02
1.328992900271610544e+00,8.519938556737223223e+00,1.725784476436002296e+04,1.470357770140565699e+05,3.400000000000000000e+01,6.212250000000000000e+05,5.090700000000000000e+04,7.793143754507243504e-01,3.088973854243559081e-01,3.389788842948687764e-01,5.836389979102432068e-01,2.487521009731827326e-01,3.243626541507360073e-01,-7.425603908236264039e-02
1.332165856849682362e+00,8.503152865808283778e+00,1.730657937086430320e+04,1.471604899747033196e+05,2.900000000000000000e+01,6.224420000000000000e+05,5.110800000000000000e+04,7.771018007922744220e-01,3.072915145079379018e-01,3.371073787863014815e-01,5.793040720571279723e-01,2.453384176240877013e-01,3.211168938172563880e-01,-7.311825292109846997e-02
1.219019877692192555e+00,6.486555356622503155e+00,2.436775362761694123e+04,1.580627828220761148e+05,7.000000000000000000e+01,7.715980000000000000e+05,1.056440000000000000e+05,6.519481740416415150e-01,2.027014722619163989e-01,1.840051784229417287e-01,3.403992763030179725e-01,8.090947155236984101e-02,1.532484584652091253e-01,-2.667031862809263187e-02
1.213772438107835860e+00,6.442793631816212674e+00,2.463718553668243112e+04,1.587323020816120552e+05,6.300000000000000000e+01,7.776410000000000000e+05,1.001870000000000000e+05,6.486045217180897993e-01,2.000604917068418975e-01,1.808139333471775745e-01,3.351031833605745414e-01,7.829967461763531755e-02,1.498767411770737801e-01,-2.594632654087784818e-02
1.024883941230368078e+00,3.587991711394659333e+00,9.770765407798382512e+03,3.505742529716225545e+04,1.900000000000000000e+01,2.305080000000000000e+05,3.295800000000000000e+04,1.578298014698163776e+00,1.926819265566812600e+00,2.798437225985507926e+00,4.365213459355354431e+00,1.523930892705849871e+01,6.053340582089907329e+00,-7.322252307868062360e-01
1.025637349610021065e+00,3.592097182534035760e+00,9.640010029574943474e+03,3.462785286683600134e+04,2.300000000000000000e+01,2.274070000000000000e+05,3.208700000000000000e+04,1.596714479639140816e+00,1.978939758966403728e+00,2.912922062064515316e+00,4.518104064539837594e+00,1.637271177615099305e+01,6.349592395118438759e+00,-7.687221160573010081e-01
1.032260733150277554e+00,3.673157545834158544e+00,9.360269552254754672e+03,3.438174473690627201e+04,1.800000000000000000e+01,2.233160000000000000e+05,3.442800000000000000e+04,1.627480577680764373e+00,2.061589431478140888e+00,3.093786855630145105e+00,4.776457195516035981e+00,1.834149999079681237e+01,6.851321001378940956e+00,-8.530258548797329254e-01
1.033946041677972882e+00,3.668474501967325274e+00,9.352402857243796461e+03,3.430905141392522637e+04,2.600000000000000000e+01,2.229520000000000000e+05,3.225800000000000000e+04,1.635968517512252030e+00,2.084532427441554869e+00,3.140432655374971294e+00,4.846738189071982283e+00,1.888883276909036724e+01,6.990744718808350022e+00,-8.735767043118514152e-01
1.026073336392286039e+00,3.637807080269574556e+00,9.578541432750862441e+03,3.484488584271656146e+04,2.300000000000000000e+01,2.275760000000000000e+05,3.053000000000000000e+04,1.598793965808694706e+00,1.985110709287110531e+00,2.931417592085598045e+00,4.539467553069576056e+00,1.654107968901874770e+01,6.389440367018659472e+00,-7.800383580383867255e-01
1.031109770675120441e+00,3.661099618425872393e+00,9.406953531891565945e+03,3.443979398615812534e+04,3.300000000000000000e+01,2.240910000000000000e+05,3.256700000000000000e+04,1.618264580842881051e+00,2.034524874305513542e+00,3.030436609140449988e+00,4.695380633034755391e+00,1.769212173704681135e+01,6.690643536522628665e+00,-8.313039305121705524e-01
1.029658201856107791e+00,3.637220610625394812e+00,9.473015768746197864e+03,3.445544819886303594e+04,3.100000000000000000e+01,2.249340000000000000e+05,3.281000000000000000e+04,1.610647979541817154e+00,2.015073355061447913e+00,2.990483031954438431e+00,4.632637961764542567e+00,1.722396117790809100e+01,6.569664642688403333e+00,-8.103938769453744584e-01
1.028326196322854047e+00,3.639823806320124255e+00,9.394923372963821748e+03,3.419586575146707764e+04,4.100000000000000000e+01,2.231180000000000000e+05,3.317800000000000000e+04,1.634641013321235903e+00,2.083499019049059875e+00,3.139723431966000788e+00,4.837209315567326584e+00,1.883146272823362821e+01,6.975346089449883102e+00,-8.614778377418357280e-01
1.026712576746157346e+00,3.636464831760587657e+00,9.444432270398661785e+03,3.434434580724953412e+04,4.300000000000000000e+01,2.242590000000000000e+05,3.203700000000000000e+04,1.627472393944274565e+00,2.062326596436887094e+00,3.091267060433332325e+00,4.773647259480467753e+00,1.831815707209547384e+01,6.848608919428622599e+00,-8.453626279855797065e-01
1.029178851872932343e+00,3.607814314150733725e+00,9.482454707341901667e+03,3.421093582643412083e+04,3.900000000000000000e+01,2.242480000000000000e+05,3.023800000000000000e+04,1.623768511333725240e+00,2.054388948122300995e+00,3.076562884827565014e+00,4.744346130298575659e+00,1.810668161254147179e+01,6.793538985568014610e+00,-8.325295980991613831e-01
1.031947665779848089e+00,3.669646984652808808e+00,9.319206198598469200e+03,3.419819692604464217e+04,2.900000000000000000e+01,2.223350000000000000e+05,3.215100000000000000e+04,1.635652566031681410e+00,2.085560953643315507e+00,3.146291788254946376e+00,4.846833362504809450e+00,1.890719968177783983e+01,6.992611458407591130e+00,-8.701316653673849544e-01
1.026963822163187823e+00,3.630143212673888176e+00,9.390163299940395518e+03,3.408763756917806313e+04,3.700000000000000000e+01,2.228880000000000000e+05,3.268400000000000000e+04,1.619014200678630111e+00,2.039081525577480569e+00,3.040822063313838086e+00,4.702070093467295209e+00,1.776072802986548993e+01,6.707780113192380433e+00,-8.253170000662040096e-01
1.028543260536634696e+00,3.605691948083169951e+00,9.567056995851264219e+03,3.449586037679366564e+04,1.000000000000000000e+01,2.262350000000000000e+05,3.114700000000000000e+04,1.610592186843781803e+00,2.015812412575044288e+00,2.989059954015545362e+00,4.630132352699259712e+00,1.720623648089664215e+01,6.567396606651962898e+00,-8.022338476770540794e-01
1.023549295478942689e+00,3.585204576211435956e+00,9.629482316071960668e+03,3.452366406612828723e+04,2.000000000000000000e+01,2.270730000000000000e+05,3.065700000000000000e+04,1.607118854494644200e+00,2.008621532876220250e+00,2.975587569038704139e+00,4.603811289823980246e+00,1.702148651382347211e+01,6.518435650569181838e+00,-7.882263623075660419e-01
1.024666723834823046e+00,3.595262047203898081e+00,9.599514085307731875e+03,3.451276866250613239e+04,2.700000000000000000e+01,2.265600000000000000e+05,3.154600000000000000e+04,1.611553881283599443e+00,2.019295177769807825e+00,2.997475436955054473e+00,4.639401035384952188e+00,1.728229985182402828e+01,6.586254789220764572e+00,-8.037413180157830794e-01
1.026329417604326055e+00,3.615891226517034429e+00,9.574700757678940136e+03,3.462107646621728054e+04,2.700000000000000000e+01,2.267230000000000000e+05,3.174500000000000000e+04,1.607794549895513958e+00,2.008882395517144204e+00,2.977761648147930984e+00,4.609648821019947107e+00,1.705974317672976071e+01,6.527060132904866308e+00,-7.976837008723460798e-01
1.029383040029304919e+00,3.661369216238626212e+00,9.275802976687027694e+03,3.396213947473649750e+04,2.000000000000000000e+01,2.210550000000000000e+05,3.234500000000000000e+04,1.636930339886611740e+00,2.090739249700892533e+00,3.159512165876486645e+00,4.859964614702799501e+00,1.902412910957801984e+01,7.020280009015221090e+00,-8.711828249915942735e-01
1.030896070295548528e+00,3.666800078206252422e+00,9.280910437297388853e+03,3.403124311730729096e+04,2.200000000000000000e+01,2.212530000000000000e+05,3.180800000000000000e+04,1.646606269100265418e+00,2.115606007048756343e+00,3.209249910075632428e+00,4.939469413365580763e+00,1.964577027081916327e+01,7.177455817063848720e+00,-8.979321001348665732e-01
1.031118124214192466e+00,3.651970785080277615e+00,9.328077759012074239e+03,3.406586745686920040e+04,6.400000000000000000e+01,2.219900000000000000e+05,3.249600000000000000e+04,1.625357572126215233e+00,2.057214632806652954e+00,3.084156071873520588e+00,4.759089669381321386e+00,1.821324164289790914e+01,6.819204209016357154e+00,-8.448668335389619699e-01
1.031861841925387102e+00,3.647752003493795137e+00,9.326429197066951019e+03,3.402050078904399561e+04,5.400000000000000000e+01,2.218300000000000000e+05,3.229400000000000000e+04,1.626915828118173035e+00,2.061156057445947543e+00,3.090583164965072349e+00,4.770820816028766842e+00,1.829979987020642440e+01,6.842567939561772228e+00,-8.459455265434199234e-01
1.044253812195429010e+00,4.111088403507050515e+00,2.517845307284503360e+04,1.035108464460196847e+05,6.400000000000000000e+01,6.413270000000000000e+05,1.651210000000000000e+05,6.993339860315413992e-01,2.635759493171002665e-01,1.910150747762666412e-01,4.114033788001806302e-01,1.123093885762990463e-01,2.111206285822306850e-01,-2.621450739602712923e-02
1.046307595906026178e+00,4.110113884351700442e+00,2.516670612075240933e+04,1.034380282503033959e+05,4.100000000000000000e+01,6.409510000000000000e+05,1.648640000000000000e+05,7.010635074427884472e-01,2.645915544757738713e-01,1.913118826809609707e-01,4.135954124093182416e-01,1.132874773013515662e-01,2.126534570307080374e-01,-2.648178306101819923e-02
1.092291873450065953e+00,4.525685604991026345e+00,1.226113337444193166e+04,5.549003481358689896e+04,2.000000000000000000e+01,3.249670000000000000e+05,4.342900000000000000e+04,1.193611454698108254e+00,9.886927956606816892e-01,1.114564758650980147e+00,1.954806870980086986e+00,2.870730308496368011e+00,1.940790074715167179e+00,-2.907457801194639480e-01
1.088435763818599744e+00,4.519862783369326564e+00,1.225287550675719103e+04,5.538131599224940146e+04,3.500000000000000000e+01,3.245760000000000000e+05,4.560400000000000000e+04,1.191756349292212969e+00,9.851709711238636480e-01,1.108424855370289563e+00,1.945877162891870071e+00,2.843183821026930236e+00,1.928476478787602977e+00,-2.883002389693136713e-01
1.040477348431716020e+00,4.107108578614525385e+00,1.224445348557933175e+04,5.028929995106940623e+04,2.000000000000000000e+01,3.117670000000000000e+05,8.517300000000000000e+04,1.225425102033083080e+00,1.063242761178475826e+00,1.207847210574804375e+00,2.096474750790853214e+00,3.323279058691084753e+00,2.158806981075448661e+00,-2.923200041073403810e-01
1.045114252645835018e+00,4.168420955126703298e+00,1.212461791020430246e+04,5.054051136980015144e+04,2.900000000000000000e+01,3.109990000000000000e+05,8.683100000000000000e+04,1.234614660284178100e+00,1.079884426293200139e+00,1.237570530955815151e+00,2.142468867766392115e+00,3.475052463684278337e+00,2.223351540220738443e+00,-3.076576852497456827e-01
1.123131078416683248e+00,4.972215348933683110e+00,1.294987499531856884e+04,6.438956721849548921e+04,2.900000000000000000e+01,3.599710000000000000e+05,5.347700000000000000e+04,1.105287760139937570e+00,8.143985255237046195e-01,8.724677375932817780e-01,1.571435943266019652e+00,1.825759445865967390e+00,1.415859808291405564e+00,-2.285429871245034938e-01
1.116988969594786996e+00,4.929416337354595612e+00,1.300807611963879026e+04,6.412222294169962697e+04,2.700000000000000000e+01,3.600260000000000000e+05,5.128200000000000000e+04,1.106306098084558487e+00,8.163065004003529079e-01,8.728749708960378273e-01,1.574117543748740466e+00,1.830981943503743992e+00,1.419953819847773691e+00,-2.282212165567706341e-01
1.088480319850752220e+00,4.663288093066525697e+00,2.720243853958137333e+04,1.268528077440037887e+05,4.700000000000000000e+01,7.379110000000000000e+05,1.909520000000000000e+05,6.423907542586000385e-01,2.058429313986716580e-01,1.521453071778816613e-01,3.216608874433114496e-01,6.837358076217407710e-02,1.459257409643834325e-01,-1.971250289452497820e-02
1.090548715895861775e+00,4.682173237887313100e+00,2.701181681490759365e+04,1.264740057974748488e+05,3.600000000000000000e+01,7.341950000000000000e+05,1.904650000000000000e+05,6.433792209654145555e-01,2.065324973769314676e-01,1.530716099854853296e-01,3.232475749723632275e-01,6.908103143241754729e-02,1.468904568581455850e-01,-1.994816652507556271e-02
9.782101234332952755e-01,3.359385302425396347e+00,1.411547742253554316e+04,4.741932738998341665e+04,1.300000000000000000e+01,3.250750000000000000e+05,8.943800000000000000e+04,1.174759143715111254e+00,9.832676707639107505e-01,1.055111902753735231e+00,1.846058901788975914e+00,2.568828361293321816e+00,1.828589253360279221e+00,-1.977101421480904619e-01
9.806314591130398384e-01,3.389511412646831090e+00,1.389211222797109804e+04,4.708747294247863465e+04,1.500000000000000000e+01,3.213590000000000000e+05,8.628100000000000000e+04,1.187200830081880376e+00,1.003988313315351544e+00,1.083356166415713639e+00,1.899607451278845005e+00,2.716996726109770055e+00,1.901328119729241761e+00,-2.099142975143137857e-01
9.622669200369733389e-01,3.182269593594985846e+00,8.660276813432530616e+03,2.755933557550202022e+04,3.900000000000000000e+01,1.940940000000000000e+05,5.727600000000000000e+04,1.834339106345112658e+00,2.726361144663224323e+00,4.623109408659693997e+00,6.749380191317470690e+00,3.768384725874788188e+01,1.113662598606618204e+01,-1.165707026246693090e+00
9.614519717652176833e-01,3.194950446148993262e+00,8.638314275257096597e+03,2.759898604770788006e+04,2.600000000000000000e+01,1.940050000000000000e+05,5.632300000000000000e+04,1.835866455639258321e+00,2.738982644848562131e+00,4.676282124673306839e+00,6.782597540077829557e+00,3.818063386402958059e+01,1.121730733501550148e+01,-1.162727651404676266e+00
1.049472766486449382e+00,4.158811607195577409e+00,4.262513690671848599e+04,1.772699141259614262e+05,5.100000000000000000e+01,1.092050000000000000e+06,2.807740000000000000e+05,4.930110719441229694e-01,1.002650165467952881e-01,6.462281828670363160e-02,1.450382536504342679e-01,1.306205352291553087e-02,4.587228981457318333e-02,-5.152617141400622942e-03
1.049414706841049982e+00,4.125463604647064741e+00,4.295833703987603076e+04,1.772230559741705074e+05,6.100000000000000000e+01,1.096143000000000000e+06,2.882870000000000000e+05,4.951388859476567594e-01,1.019101614520384197e-01,6.546635441597717375e-02,1.471383274313226575e-01,1.346204553943281500e-02,4.692222529059496272e-02,-5.226501974632545393e-03
9.831217888636821778e-01,3.402384804094040760e+00,1.408218556529138732e+04,4.791301417577987013e+04,3.600000000000000000e+01,3.263700000000000000e+05,8.957400000000000000e+04,1.164100854795315554e+00,9.607836097187527624e-01,1.021416602302283483e+00,1.798048440887443533e+00,2.429044161722088369e+00,1.760503064456109712e+00,-1.931105249194327023e-01
9.826106181833242914e-01,3.371185325689813439e+00,1.435325136273292446e+04,4.838747036998255498e+04,5.800000000000000000e+01,3.311090000000000000e+05,9.452900000000000000e+04,1.163445095277433339e+00,9.602666773763354202e-01,1.019429376071710358e+00,1.794406236033987856e+00,2.419464167002543853e+00,1.756492857243240779e+00,-1.903931446728335253e-01
9.845848262037052434e-01,3.411635607405093307e+00,1.400069080771820154e+04,4.776525528788059455e+04,1.900000000000000000e+01,3.249120000000000000e+05,8.968400000000000000e+04,1.179641111152915478e+00,9.909333685838553896e-01,1.067871187971942692e+00,1.868680211574671235e+00,2.631762400885638620e+00,1.858148348279135220e+00,-2.051301014273745338e-01
9.807950216199289306e-01,3.349756374190689723e+00,1.446836614178115997e+04,4.846550170755619911e+04,4.000000000000000000e+01,3.327070000000000000e+05,9.293100000000000000e+04,1.150611131762585337e+00,9.357223330210993062e-01,9.817925982735380419e-01,1.737384105658998923e+00,2.261788971588045705e+00,1.678808047210684107e+00,-1.820044697966236580e-01
9.855043489094611475e-01,3.434213552932600333e+00,1.415048895105912379e+04,4.859580093635025696e+04,2.500000000000000000e+01,3.294840000000000000e+05,8.916200000000000000e+04,1.156949405226211480e+00,9.474098398685036893e-01,1.004291174564527989e+00,1.768341282892880173e+00,2.348941788236533768e+00,1.719298823401070653e+00,-1.893647883224108819e-01
9.815476253060397838e-01,3.398217054960871231e+00,1.394540113663025113e+04,4.738949998076763586e+04,2.400000000000000000e+01,3.229980000000000000e+05,9.017000000000000000e+04,1.176088107120702553e+00,9.839802439243845456e-01,1.055663793072749490e+00,1.851521138495485053e+00,2.580745725541566671e+00,1.834620650925429475e+00,-2.007983743284793565e-01
9.855142172804156608e-01,3.417127067039267718e+00,1.420010015372905036e+04,4.852354658997600200e+04,1.700000000000000000e+01,3.298070000000000000e+05,9.146100000000000000e+04,1.159250509793225969e+00,9.495206252599167618e-01,1.003093819680020315e+00,1.774567259794437968e+00,2.359874980427919322e+00,1.727288611053951151e+00,-1.911788239743809070e-01
9.848497891635998869e-01,3.412293369469357351e+00,1.386989451729902066e+04,4.732814909661884303e+04,2.900000000000000000e+01,3.219150000000000000e+05,8.951700000000000000e+04,1.179205054114069062e+00,9.869043326391503390e-01,1.056943999944750745e+00,1.862252094915032741e+00,2.604551699601328263e+00,1.847985347269943013e+00,-2.057373642469373376e-01
9.826281105774936631e-01,3.393608964300316444e+00,1.406555666932951135e+04,4.773299920091073727e+04,2.900000000000000000e+01,3.255590000000000000e+05,8.674100000000000000e+04,1.173565041478562998e+00,9.778041320022292648e-01,1.044810098046813795e+00,1.838061010378740256e+00,2.539338247789512337e+00,1.815572363325890448e+00,-1.996376903572431027e-01
9.837206392660788890e-01,3.408287397192603319e+00,1.397795758406947425e+04,4.764089667227675818e+04,2.900000000000000000e+01,3.242250000000000000e+05,8.997500000000000000e+04,1.180579266447109976e+00,9.918033103698009612e-01,1.068357778457136309e+00,1.871510330018985924e+00,2.638249188593856598e+00,1.861794412090526984e+00,-2.068593548085193579e-01
9.869176201055651632e-01,3.429099340011709351e+00,1.393209758837839763e+04,4.777454664528708963e+04,3.400000000000000000e+01,3.241440000000000000e+05,9.005600000000000000e+04,1.174621664081064054e+00,9.795510445368912356e-01,1.049670034415399078e+00,1.844512035548670603e+00,2.558510303117397910e+00,1.823536919350043473e+00,-2.029060794983847948e-01
9.844212380516258465e-01,3.409582982090057612e+00,1.424558832427564630e+04,4.857151552031106985e+04,3.600000000000000000e+01,3.305000000000000000e+05,9.339000000000000000e+04,1.165071868718723147e+00,9.603081177056224105e-01,1.018104611189148301e+00,1.799460712961174824e+00,2.427800395708994419e+00,1.761449374614229235e+00,-1.950286075746394676e-01
9.839540159627546689e-01,3.417192129267681899e+00,1.388674065190168039e+04,4.745366085685997678e+04,2.700000000000000000e+01,3.225310000000000000e+05,8.976900000000000000e+04,1.179618505793627925e+00,9.886663920817646556e-01,1.061717354273390201e+00,1.865744304702779299e+00,2.617811858041619644e+00,1.853103646465843690e+00,-2.062851609345772719e-01
9.831708644612683345e-01,3.404170504961503863e+00,1.414820673584746692e+04,4.816290806826962216e+04,3.100000000000000000e+01,3.279810000000000000e+05,9.153900000000000000e+04,1.165031239825812914e+00,9.617763653657755984e-01,1.022578777532763272e+00,1.801280564533497941e+00,2.436892179030442307e+00,1.764586270196704554e+00,-1.948669363520388886e-01
9.882182698159169831e-01,3.435541532988600544e+00,1.419298746315040626e+04,4.876059790683974279e+04,2.100000000000000000e+01,3.305340000000000000e+05,8.994600000000000000e+04,1.159891986610830150e+00,9.488253808259907718e-01,1.000561801397201300e+00,1.775619674469162357e+00,2.358837026200585552e+00,1.727665965017184169e+00,-1.930064155559042538e-01
9.867060159238209005e-01,3.400104952741678233e+00,1.400801144985316932e+04,4.762870910870790249e+04,1.900000000000000000e+01,3.245370000000000000e+05,8.958300000000000000e+04,1.174428626232201900e+00,9.768767052476897694e-01,1.039881740460456339e+00,1.839004686382931020e+00,2.535080130135363152e+00,1.815628482670933241e+00,-2.020136309137299246e-01
9.848510780607196979e-01,3.423643509019070663e+00,1.415389863072723529e+04,4.845790317440321087e+04,2.400000000000000000e+01,3.290500000000000000e+05,9.047000000000000000e+04,1.161583948470473526e+00,9.542313702348814708e-01,1.010743599647214719e+00,1.785303416256373676e+00,2.390484965221713942e+00,1.742041662437243676e+00,-1.924277643145499983e-01
9.852146675966915179e-01,3.411080850459839109e+00,1.393682379680604936e+04,4.753963276951810258e+04,2.600000000000000000e+01,3.234100000000000000e+05,9.031500000000000000e+04,1.178470412189850602e+00,9.886360004781764577e-01,1.063980062266881799e+00,1.863312192647157417e+00,2.615639275871116887e+00,1.850655764409771864e+00,-2.040363656465782327e-01
9.879396514240439409e-01,3.464431039392340317e+00,1.536304827028274303e+04,5.322422128725033690e+04,1.400000000000000000e+01,3.592920000000000000e+05,1.033800000000000000e+05,1.081355775567243160e+00,8.078209512078032839e-01,8.054474128357580476e-01,1.456025639947887917e+00,1.570195515269692699e+00,1.307188410677950330e+00,-1.439894783525577093e-01
9.913338623713250364e-01,3.480396983023636981e+00,1.524671539871521236e+04,5.306462227470844664e+04,1.900000000000000000e+01,3.573840000000000000e+05,9.928200000000000000e+04,1.086705300481903169e+00,8.128242110329388925e-01,8.071066230026378019e-01,1.471750130175490057e+00,1.597148958768276339e+00,1.325375155014275164e+00,-1.485797602133773765e-01
9.947292714643495293e-01,3.510969210256401407e+00,2.144279810739845561e+04,7.528500393682021240e+04,2.800000000000000000e+01,5.048060000000000000e+05,1.382940000000000000e+05,8.264418739973403705e-01,4.134745360719581653e-01,3.190897194506144285e-01,6.642901539456705917e-01,3.021769065716378710e-01,4.267694261792032151e-01,-4.718818559180759653e-02
9.970712206258715016e-01,3.516454538362430160e+00,2.147835244924829749e+04,7.552764994670699525e+04,2.000000000000000000e+01,5.060290000000000000e+05,1.353010000000000000e+05,8.235363531642269086e-01,4.104340344737635871e-01,3.166743046067170830e-01,6.581872014555123496e-01,2.968907263712650124e-01,4.212937314972275415e-01,-4.637198204755400843e-02
9.837726804316357931e-01,3.409668162888738863e+00,1.407186173298570066e+04,4.798037894353369484e+04,2.800000000000000000e+01,3.264790000000000000e+05,8.994200000000000000e+04,1.169521665869837967e+00,9.698965811380844126e-01,1.034387424709163783e+00,1.820659405045625512e+00,2.490664533705706507e+00,1.791086530730396920e+00,-1.981048535443643566e-01
9.837090370554514296e-01,3.402516905830965221e+00,1.397562241660324798e+04,4.755229154200276389e+04,1.500000000000000000e+01,3.239050000000000000e+05,8.973900000000000000e+04,1.178751161678134540e+00,9.909241022245169894e-01,1.069457868641191078e+00,1.866293509586711252e+00,2.628843969722269414e+00,1.855775741870638873e+00,-2.026805335550485587e-01
9.802196926884454431e-01,3.377610143102275586e+00,1.409118313194539223e+04,4.759452307477044815e+04,2.700000000000000000e+01,3.253830000000000000e+05,9.103800000000000000e+04,1.172959823895636688e+00,9.785522909431949579e-01,1.047488133455878545e+00,1.837208723955878975e+00,2.540980121208706421e+00,1.815435881583880917e+00,-1.977367603733508616e-01
9.800151051991548012e-01,3.384819148657981280e+00,1.405065363606233586e+04,4.755892147850468609e+04,2.400000000000000000e+01,3.248010000000000000e+05,8.844900000000000000e+04,1.174328991655393395e+00,9.810886753563428098e-01,1.051826522817774556e+00,1.843788595341825154e+00,2.559888103542085513e+00,1.824290399082997505e+00,-1.997200869095325793e-01
9.886009743370148817e-01,3.463162940742003926e+00,8.540475156628952391e+03,2.957705705876514912e+04,4.700000000000000000e+01,1.996780000000000000e+05,5.811800000000000000e+04,1.791229000737128541e+00,2.573127002269308683e+00,4.262581168287941757e+00,6.307202733233928882e+00,3.268258517316591849e+01,1.010907164241315748e+01,-1.163682109175210755e+00
9.913822063157953224e-01,3.500796533838236080e+00,8.438021965328698570e+03,2.953979804867360872e+04,2.700000000000000000e+01,1.983600000000000000e+05,5.602600000000000000e+04,1.807249594471300735e+00,2.622357279571345678e+00,4.383870057661298780e+00,6.473525586474895732e+00,3.446417971114158973e+01,1.047438162066185896e+01,-1.220578593438297332e+00
9.918508467254429917e-01,3.467818391722728766e+00,8.571439311119349441e+03,2.972419488663487937e+04,3.000000000000000000e+01,2.005430000000000000e+05,5.657100000000000000e+04,1.781885331094230640e+00,2.547721766696784407e+00,4.212243172920698164e+00,6.221089705144555282e+00,3.182586703274304085e+01,9.921648130517530362e+00,-1.135347321524420749e+00
9.883584360335180286e-01,3.485047216863511377e+00,8.515281858102345723e+03,2.967615934038793057e+04,2.800000000000000000e+01,1.997270000000000000e+05,5.534100000000000000e+04,1.799956951360873747e+00,2.605725505287830313e+00,4.356702428545078831e+00,6.408860242196794843e+00,3.384427735532079140e+01,1.033685543324578759e+01,-1.182457732625415758e+00
9.905523122319722651e-01,3.454634800300760755e+00,8.609893437428323523e+03,2.974403749582102682e+04,1.200000000000000000e+01,2.010600000000000000e+05,5.673600000000000000e+04,1.785969816554258571e+00,2.553126839569639817e+00,4.205613946983847384e+00,6.245711773156566338e+00,3.198935023989523074e+01,9.971549356291207644e+00,-1.153562168511282238e+00
9.907846166819942457e-01,3.460164520026895563e+00,8.535732984856989788e+03,2.953504042662542270e+04,1.500000000000000000e+01,1.994910000000000000e+05,5.724600000000000000e+04,1.792895647369799450e+00,2.573322910182117340e+00,4.250061111116941959e+00,6.313530447972244275e+00,3.268332780297167517e+01,1.011961122509451272e+01,-1.173447177818127685e+00
9.823583680979407484e-01,3.378288441560410416e+00,1.441270400589329074e+04,4.869027135474072566e+04,3.400000000000000000e+01,3.328340000000000000e+05,9.601900000000000000e+04,1.152178640992584491e+00,9.351853075897882395e-01,9.782220073417940975e-01,1.740497299943543297e+00,2.263509901892322151e+00,1.681321820876617634e+00,-1.850397428297424485e-01
9.826380873381327374e-01,3.394286584035141274e+00,1.399430124470702867e+04,4.750066896785534482e+04,4.400000000000000000e+01,3.239340000000000000e+05,9.026600000000000000e+04,1.181009813097643191e+00,9.935796185609467868e-01,1.070648143855939871e+00,1.874004282364121421e+00,2.646522925725101949e+00,1.865945959980741309e+00,-2.053626710346290185e-01
9.838531742940435088e-01,3.412756503933586316e+00,1.426156919336774445e+04,4.867126302096463769e+04,2.000000000000000000e+01,3.310180000000000000e+05,9.432700000000000000e+04,1.166080175560526122e+00,9.589019582908201444e-01,1.012053441352476213e+00,1.799531375649072285e+00,2.420462184200797839e+00,1.760237038097131279e+00,-1.976101020611997772e-01
9.832873211977147809e-01,3.384541513481483577e+00,1.397687181443821464e+04,4.730530288457540155e+04,2.600000000000000000e+01,3.230730000000000000e+05,8.741100000000000000e+04,1.178885930269719218e+00,9.871419093501125896e-01,1.057045802335539131e+00,1.860590898286095030e+00,2.601287603935098502e+00,1.846590501692327635e+00,-2.042671075266919711e-01
9.890358629590487727e-01,3.418310686293927869e+00,1.399416223692621861e+04,4.783639432021583343e+04,1.800000000000000000e+01,3.250650000000000000e+05,8.953100000000000000e+04,1.176405092031622246e+00,9.865170584255127384e-01,1.064632653710552379e+00,1.856439748999443751e+00,2.602095109222716474e+00,1.841865352292723745e+00,-2.014813420848127201e-01
9.840037171640170222e-01,3.394601465855334954e+00,1.398836038194037974e+04,4.748490865744750772e+04,2.400000000000000000e+01,3.238080000000000000e+05,9.205200000000000000e+04,1.180868392267382383e+00,9.936307688144442318e-01,1.071391588112271753e+00,1.873595149776024593e+00,2.646620877214046264e+00,1.865593675916733307e+00,-2.047705366569554375e-01
1.018116426190841750e+00,3.799649830638244463e+00,9.763403054139052983e+03,3.709751276111236803e+04,1.700000000000000000e+01,2.390960000000000000e+05,6.226000000000000000e+04,1.541484254501549467e+00,1.822717747428504564e+00,2.590757590013583300e+00,4.077546742563597171e+00,1.323478400955128009e+01,5.499034671087837722e+00,-6.932324695014759897e-01
1.019757602146201148e+00,3.808704049322801044e+00,9.702850007068809646e+03,3.695528411189474718e+04,2.400000000000000000e+01,2.378930000000000000e+05,6.270200000000000000e+04,1.538312690063813104e+00,1.814590188001140580e+00,2.576418032852096918e+00,4.054644396317113042e+00,1.308687975648751589e+01,5.455925654541632142e+00,-6.890849304577839618e-01
1.000006638499255862e+00,3.565890121769084153e+00,2.603278096312240814e+04,9.283003647857645410e+04,5.200000000000000000e+01,6.176600000000000000e+05,1.688400000000000000e+05,7.096630106463310828e-01,2.805159010695107424e-01,1.947709852934390029e-01,4.280610571640257045e-01,1.211555511614087616e-01,2.265966710897503178e-01,-2.446323720197452617e-02
