Shape_circ, Shape_eccent, Shape_e1, Shape_e2, Shape_corn, White_box, Black_box, Hu1, Hu2, Hu3, Hu4, Hu5, Hu6, Hu7
9.998175742827607460e-01,3.583963584413535131e+00,2.582358816214861872e+04,9.255079959203310136e+04,8.700000000000000000e+01,6.142340000000000000e+05,1.716160000000000000e+05,7.116048919946744711e-01,2.813360497183636233e-01,1.953128767392596499e-01,4.306623883675289588e-01,1.223791756400002817e-01,2.283065445487005019e-01,-2.497903230231833180e-02
1.196953239076200326e+00,6.176035768707013318e+00,4.420879420672330889e+04,2.730350943121305318e+05,5.600000000000000000e+01,1.371536000000000000e+06,2.203840000000000000e+05,4.682848243797600452e-01,8.344071986402368246e-02,7.037531647420267045e-02,1.208198103629762876e-01,1.015107612804562465e-02,3.451377445165693808e-02,-4.590606192183694853e-03
1.190892424915837022e+00,6.166117550212855569e+00,4.312311561607825570e+04,2.659022000201581977e+05,6.300000000000000000e+01,1.336353000000000000e+06,1.924470000000000000e+05,4.632231973829861182e-01,8.125409947718748027e-02,7.060115381727077866e-02,1.185790588907565113e-01,9.839968991916192564e-03,3.341874805200905491e-02,-4.570677363407031450e-03
9.852593491787534630e-01,3.415232743316918285e+00,8.530873283009532315e+03,2.913491776522165310e+04,2.700000000000000000e+01,1.980720000000000000e+05,5.624800000000000000e+04,1.807458078082707642e+00,2.626419739768798500e+00,4.387699388212991991e+00,6.470843268747307420e+00,3.445891645122952696e+01,1.047849665842404043e+01,-1.188443523362380461e+00
9.858664542233513961e-01,3.446981564745609905e+00,8.378147989949240582e+03,2.887932166806551686e+04,1.900000000000000000e+01,1.954300000000000000e+05,5.401400000000000000e+04,1.828112640308030556e+00,2.689054689300377721e+00,4.536752288953659118e+00,6.684936846987780790e+00,3.679265042833171862e+01,1.095346977100821739e+01,-1.267173043087950646e+00
9.809427366507594837e-01,3.424546620579358880e+00,1.671934021717111318e+04,5.725616003902989178e+04,4.700000000000000000e+01,3.887210000000000000e+05,1.092670000000000000e+05,1.027133286529728462e+00,7.103679731842593714e-01,6.677948784880802791e-01,1.248888867163151950e+00,1.134474202666430953e+00,1.051463988746822675e+00,-1.173885856711746056e-01
9.745356901903555746e-01,3.377265471960158472e+00,1.654557104732028529e+04,5.587878581197847961e+04,3.700000000000000000e+01,3.820370000000000000e+05,1.077030000000000000e+05,1.032576613478225713e+00,7.235648650265387172e-01,6.851091303558168866e-01,1.270865574017765010e+00,1.180201982771087454e+00,1.079857495846734627e+00,-1.155878112199058005e-01
1.053429051393404592e+00,4.119541249367504321e+00,2.520606078413993237e+04,1.038374071343290707e+05,2.700000000000000000e+01,6.418920000000000000e+05,1.424830000000000000e+05,6.976835051231562446e-01,2.623187815426985536e-01,1.901993881949180509e-01,4.089520421562532482e-01,1.111016615914766220e-01,2.093636564476744899e-01,-2.578549938270123867e-02
1.055011981690110234e+00,4.140453959461954270e+00,2.493170352642705257e+04,1.032285705821264564e+05,2.100000000000000000e+01,6.365390000000000000e+05,1.403320000000000000e+05,7.048256825090801758e-01,2.687555393991629682e-01,1.965575324737308949e-01,4.211526619300987040e-01,1.180497733419181988e-01,2.182338195747334231e-01,-2.733189903695929304e-02
1.017299281188672966e+00,3.470685330116733081e+00,1.116206926517677493e+04,3.874003005239589402e+04,2.000000000000000000e+01,2.591100000000000000e+05,3.560200000000000000e+04,1.427239535918062519e+00,1.534855414917356997e+00,2.004195895140447270e+00,3.251924665514899004e+00,8.288875766938103240e+00,4.024655927149153989e+00,-4.659717900560624848e-01
1.014289613378024368e+00,3.470030246915225547e+00,1.117195273050431570e+04,3.876701389195711818e+04,3.900000000000000000e+01,2.593080000000000000e+05,3.737400000000000000e+04,1.421189343320925058e+00,1.518699226790223289e+00,1.971695127205105091e+00,3.210129621631176988e+00,8.063010535021945202e+00,3.951954285521229515e+00,-4.602904432306393900e-01
9.854714095415358921e-01,3.049269647604254452e+00,2.969019614669224393e+04,9.053341394152544672e+04,1.200000000000000000e+01,6.467240000000000000e+05,9.183600000000000000e+04,6.771887691014817356e-01,2.501406438554508727e-01,1.574592725027962048e-01,3.702013657311458150e-01,8.767738299436927951e-02,1.850800062249092215e-01,-1.736347183275147033e-02
9.817951754912297435e-01,3.022364377596602480e+00,3.012100801338277961e+04,9.103666163694992429e+04,2.600000000000000000e+01,6.532810000000000000e+05,9.775100000000000000e+04,6.745919788843530718e-01,2.478390157579108688e-01,1.552226078423420419e-01,3.659832507906006227e-01,8.556199740013570310e-02,1.821299182448696818e-01,-1.698051012009720376e-02
1.066636753225234324e+00,4.214128286056151751e+00,2.649292727039803867e+04,1.116445941906127846e+05,7.600000000000000000e+01,6.808870000000000000e+05,1.331290000000000000e+05,6.736827154454115840e-01,2.370718791131567194e-01,1.703022575519439752e-01,3.688752722270809969e-01,8.962137872760189694e-02,1.795550826677198009e-01,-2.271344596972126040e-02
1.065878573059127588e+00,4.228383202652903350e+00,2.625913418665947393e+04,1.110336819110795186e+05,2.900000000000000000e+01,6.759690000000000000e+05,1.259060000000000000e+05,6.761220371810677809e-01,2.396051112316432974e-01,1.730253796677254652e-01,3.731549984933892894e-01,9.195482745705374494e-02,1.826045095468641355e-01,-2.312315823736794257e-02
1.064484849114950116e+00,4.224642729828685717e+00,3.741391739720306941e+04,1.580604341265049297e+05,2.500000000000000000e+01,9.634730000000000000e+05,1.863080000000000000e+05,5.340033221207730607e-01,1.251909475700038465e-01,8.283414493149618418e-02,1.848664561357872826e-01,2.153739323775966108e-02,6.538969391587126645e-02,-7.712357946716036708e-03
1.064398100172742723e+00,4.220736408143615392e+00,3.756086060106147488e+04,1.585344918601072568e+05,4.400000000000000000e+01,9.667750000000000000e+05,1.921500000000000000e+05,5.346793881211485688e-01,1.258235761755420734e-01,8.341674975148004323e-02,1.857265160051128627e-01,2.177473792675385308e-02,6.586027463414603766e-02,-7.763459907764503655e-03
9.702246128418109405e-01,3.143497061694435768e+00,1.634778973383623816e+04,5.138922899351268279e+04,2.100000000000000000e+01,3.641220000000000000e+05,9.450000000000000000e+04,1.068643494543147998e+00,7.868149394514426520e-01,7.575188370449418285e-01,1.395514181878884097e+00,1.429403123760170757e+00,1.236639247427327115e+00,-1.245856028482714706e-01
9.695853274866839122e-01,3.140617179773197432e+00,1.622641585965810373e+04,5.096096041498651903e+04,1.700000000000000000e+01,3.612560000000000000e+05,9.264400000000000000e+04,1.074016820784359005e+00,7.988652118406576186e-01,7.768891903532640919e-01,1.419093176396748701e+00,1.484674390301811586e+00,1.267124933752649119e+00,-1.262556993055060639e-01
1.181721184856032059e+00,5.905029050916695610e+00,3.017625760065770010e+04,1.781916777798294788e+05,3.300000000000000000e+01,9.099680000000000000e+05,1.003140000000000000e+05,5.817606456767201450e-01,1.508234535297123813e-01,1.277889272087138484e-01,2.410894893968990871e-01,3.973491810221937981e-02,9.356794782397655219e-02,-1.455533632948993739e-02
1.184616829258517301e+00,5.931501697417685293e+00,2.995548697981933947e+04,1.776810218677717785e+05,3.100000000000000000e+01,9.052760000000000000e+05,9.644400000000000000e+04,5.809198922778491259e-01,1.502246553522635641e-01,1.276646400910525225e-01,2.401618896895051924e-01,3.947865707520670925e-02,9.301992864921897197e-02,-1.448604118088868409e-02
1.317345221401262867e+00,8.148273123890408698e+00,1.368736564648889180e+04,1.115283936341463123e+05,5.100000000000000000e+01,4.817480000000000000e+05,4.478800000000000000e+04,9.161340679764218287e-01,4.712978856956188678e-01,5.254226423735256502e-01,9.344982412983087183e-01,6.365749705198106012e-01,6.409788189922200896e-01,-1.534989018603505340e-01
1.320230865054533576e+00,8.180680741370871090e+00,1.354629331120294228e+04,1.108179008079189516e+05,3.300000000000000000e+01,4.776360000000000000e+05,4.468900000000000000e+04,9.277705668822825436e-01,4.889572131712752734e-01,5.491751404680633719e-01,9.720024849942149325e-01,6.916718455393053855e-01,6.790187603317765497e-01,-1.609905563577820609e-01
1.036764180697104631e+00,3.763690856981315669e+00,1.042115712326270295e+04,3.922201378398954694e+04,2.000000000000000000e+01,2.517370000000000000e+05,3.478700000000000000e+04,1.473554856365198340e+00,1.641639880194043721e+00,2.228099566867403958e+00,3.578644082791635483e+00,1.008837273686473424e+01,4.580065264755440069e+00,-5.829842660626471940e-01
1.035380382614055517e+00,3.759243595702287166e+00,1.041087936217570677e+04,3.913703156788813794e+04,1.900000000000000000e+01,2.512390000000000000e+05,3.415100000000000000e+04,1.472891598167902938e+00,1.640398783552966755e+00,2.225570884894845669e+00,3.574707525108301809e+00,1.006613174720517812e+01,4.573284386863937456e+00,-5.796586863735209150e-01
1.036875390553204213e+00,3.764769231378627179e+00,1.041975676468783058e+04,3.922797966614605684e+04,2.400000000000000000e+01,2.517100000000000000e+05,3.405800000000000000e+04,1.466089014951805547e+00,1.623277333041868609e+00,2.193189733814160380e+00,3.527453987011523573e+00,9.794792776920481003e+00,4.489200438658462744e+00,-5.702898258481265970e-01
1.037349035964783894e+00,3.756279500126046056e+00,1.043811110777936847e+04,3.920846277418961836e+04,3.600000000000000000e+01,2.518730000000000000e+05,3.276100000000000000e+04,1.468511496034832664e+00,1.628942769999242257e+00,2.202813863142291773e+00,3.542944104676283068e+00,9.881032114055766868e+00,4.516806198542143491e+00,-5.745870767640139931e-01
1.034481637610884075e+00,3.727505182279234219e+00,1.052234519376583194e+04,3.922209623949312663e+04,2.300000000000000000e+01,2.528500000000000000e+05,3.630200000000000000e+04,1.453419361889858319e+00,1.589245646955539382e+00,2.118859824016305016e+00,3.433357146121005954e+00,9.244253059084240220e+00,4.323423241402039707e+00,-5.465623327205757498e-01
1.029889359490917311e+00,3.699417636481223681e+00,1.056170697377636679e+04,3.907216505013502319e+04,1.300000000000000000e+01,2.528580000000000000e+05,3.327300000000000000e+04,1.457090073445169720e+00,1.601419168503415591e+00,2.145698690809548559e+00,3.461345301151868892e+00,9.417065072466595410e+00,4.375409862170183573e+00,-5.487827398712701310e-01
1.035408721137958121e+00,3.740169873325267513e+00,1.048340988195063255e+04,3.920973381019215594e+04,2.400000000000000000e+01,2.523450000000000000e+05,3.304500000000000000e+04,1.465625750466951871e+00,1.621274490975815219e+00,2.185231906804647739e+00,3.520927868927159476e+00,9.749976161084152437e+00,4.478172384128021655e+00,-5.661380489149614448e-01
1.034974054688397205e+00,3.734737511540866972e+00,1.047233990073754103e+04,3.911144066089065745e+04,2.100000000000000000e+01,2.518940000000000000e+05,3.198400000000000000e+04,1.467360053583755430e+00,1.626616891347556715e+00,2.196690932699291388e+00,3.534415929143534640e+00,9.831854475665087634e+00,4.502738552545254791e+00,-5.687822517459917293e-01
1.030734806198075226e+00,3.709347901971975059e+00,1.054678242217480147e+04,3.912168525024900737e+04,1.200000000000000000e+01,2.529300000000000000e+05,3.321500000000000000e+04,1.464425094102498548e+00,1.620895963077534363e+00,2.185771464036428746e+00,3.514085816334621803e+00,9.723077472150674083e+00,4.469012047264558696e+00,-5.592392414775337883e-01
1.033505203255788540e+00,3.715303672263073675e+00,1.051175447788108067e+04,3.905436001359938382e+04,1.500000000000000000e+01,2.522520000000000000e+05,3.313500000000000000e+04,1.468420314381002179e+00,1.630209574593130650e+00,2.203029269781502819e+00,3.541471914192507064e+00,9.875742442146583144e+00,4.516751483105528209e+00,-5.675863792954771725e-01
1.035657502425128884e+00,3.754293332399643912e+00,1.044826981349296693e+04,3.922586969590911758e+04,2.700000000000000000e+01,2.520060000000000000e+05,3.414000000000000000e+04,1.466490500907733807e+00,1.624677340534912862e+00,2.195675245923441210e+00,3.530225126176611994e+00,9.812014266720051836e+00,4.494681953256865370e+00,-5.691855296940664388e-01
1.032314316895258210e+00,3.736710287288333987e+00,1.049517084830484964e+04,3.921741287570935674e+04,1.900000000000000000e+01,2.525430000000000000e+05,3.360200000000000000e+04,1.468080778728678926e+00,1.628960718394365292e+00,2.202690897322069574e+00,3.540481831354324704e+00,9.870655362336497873e+00,4.513719258108372046e+00,-5.705633106524139464e-01
1.037106267550735650e+00,3.765615312938886738e+00,1.064463350632714355e+04,4.008359493204784667e+04,2.200000000000000000e+01,2.572430000000000000e+05,3.612700000000000000e+04,1.436882077242088052e+00,1.546813424717027763e+00,2.039173619881312849e+00,3.321717440565770119e+00,8.628977901513250615e+00,4.126515054729154919e+00,-5.280878361977290325e-01
1.043489021329555344e+00,3.796373797631576785e+00,1.057562636433127045e+04,4.014903082308892772e+04,3.200000000000000000e+01,2.565080000000000000e+05,3.381400000000000000e+04,1.452601256532617402e+00,1.587857104130342645e+00,2.126653649427351134e+00,3.434521497648785004e+00,9.265446875909733038e+00,4.322906850597854067e+00,-5.562995389888980569e-01
1.033873094225354006e+00,3.732357713803397203e+00,1.053256263024133295e+04,3.931129137909863493e+04,2.000000000000000000e+01,2.532780000000000000e+05,3.324600000000000000e+04,1.455290714670614216e+00,1.595693534144344561e+00,2.135553975952017680e+00,3.449433031228379853e+00,9.346062365202211453e+00,4.352476834459075405e+00,-5.490707022396232873e-01
1.035414290806320414e+00,3.736780325181888518e+00,1.051110468870686600e+04,3.927768919668691524e+04,1.000000000000000000e+01,2.529010000000000000e+05,3.362300000000000000e+04,1.459410884533596908e+00,1.605482008380281211e+00,2.153426959663447882e+00,3.477406210533720454e+00,9.499590953570660190e+00,4.401201449805053123e+00,-5.562669713695078677e-01
1.039096168987500235e+00,3.780760706972556839e+00,1.059939389674195991e+04,4.007377196252673457e+04,2.300000000000000000e+01,2.564700000000000000e+05,3.232800000000000000e+04,1.445193859823298954e+00,1.572117208692693113e+00,2.099177558861849313e+00,3.387314032990623947e+00,9.016438588818392219e+00,4.242299707844829904e+00,-5.383490875116367924e-01
1.038875129314280832e+00,3.786054011516614803e+00,1.060593185014421033e+04,4.015463082711031893e+04,1.700000000000000000e+01,2.568050000000000000e+05,3.275500000000000000e+04,1.441625069105328727e+00,1.561335558978331317e+00,2.075662134134117043e+00,3.360544771770705985e+00,8.859296814779844098e+00,4.194296394823511243e+00,-5.360705971682349080e-01
1.328185656324385011e+00,8.682320322586527084e+00,3.800450510843499796e+04,3.299672870528086787e+05,5.800000000000000000e+01,1.394267000000000000e+06,1.920230000000000000e+05,4.965941439859005158e-01,9.794948850352346026e-02,1.063004123242531213e-01,1.456939525502926325e-01,1.660870356157926470e-02,4.472152109100971384e-02,-7.272980516883524767e-03
1.353833260563651164e+00,9.152534028098987307e+00,3.581525867288274458e+04,3.278003737287266995e+05,5.300000000000000000e+01,1.349203000000000000e+06,2.001770000000000000e+05,5.218941997535381239e-01,1.116578151575624567e-01,1.225910412227118884e-01,1.689321448618910093e-01,2.247162994050578774e-02,5.554191455303699593e-02,-9.275609243345925639e-03
1.275111910460794640e+00,7.466735148692015045e+00,3.041228358676645439e+04,2.270804668092983193e+05,2.900000000000000000e+01,1.031755000000000000e+06,1.278450000000000000e+05,5.579581516986185097e-01,1.318241297992394367e-01,1.303499809411424459e-01,2.125590626234731828e-01,3.287620039245103126e-02,7.686791282561303285e-02,-1.307663586473165745e-02
1.273859959002748843e+00,7.484414540007647609e+00,3.034671202143360279e+04,2.271273726946425159e+05,6.000000000000000000e+01,1.030738000000000000e+06,1.295120000000000000e+05,5.613993476361271995e-01,1.337718164439271051e-01,1.328442028059134972e-01,2.166144678207650998e-01,3.414996534678403639e-02,7.892423248665884905e-02,-1.356470668646496749e-02
9.830469442733289487e-01,3.036547680515952585e+00,2.982084547623075923e+04,9.055241916187315655e+04,5.100000000000000000e+01,6.483190000000000000e+05,1.015540000000000000e+05,6.808453893302593984e-01,2.543214130015377661e-01,1.609599096558433085e-01,3.764266843396535389e-01,9.095107507397975910e-02,1.897559180365888110e-01,-1.769943973402606646e-02
9.807684463813346465e-01,3.022015270176737545e+00,2.993873926000719075e+04,9.047532721358152048e+04,6.700000000000000000e+01,6.493660000000000000e+05,1.026840000000000000e+05,6.774565151768472404e-01,2.511482123857273763e-01,1.581951742862640342e-01,3.709661286214172016e-01,8.819284903669474818e-02,1.858355736662924418e-01,-1.726313112406560948e-02
1.150567606970325896e+00,5.407803486837322815e+00,7.593535322305571754e+03,4.106434679338644492e+04,5.000000000000000000e+00,2.188920000000000000e+05,2.494800000000000000e+04,1.685121009744764198e+00,2.163070688395685615e+00,3.437111939816682504e+00,5.355691963004429290e+00,2.293160145582305631e+01,7.864546332789603689e+00,-1.466147070721998347e+00
1.150537033936944731e+00,5.422748532478006034e+00,7.626463496347452747e+03,4.135639373281523149e+04,1.200000000000000000e+01,2.201300000000000000e+05,2.371000000000000000e+04,1.675230705723791624e+00,2.135198580157110282e+00,3.379079411904595709e+00,5.268365107707937867e+00,2.218229910954767803e+01,7.686240028727632456e+00,-1.434670320979105185e+00
1.106199058668078106e+00,4.707531873692929025e+00,3.503898572656259057e+04,1.649471421296649787e+05,3.000000000000000000e+01,9.437430000000000000e+05,1.043070000000000000e+05,5.494742070533532585e-01,1.329606768201747058e-01,9.599159256852660138e-02,2.021109473805963175e-01,2.646005286009764021e-02,7.366574739258514859e-02,-9.611029032545181927e-03
1.105808873676047410e+00,4.689462526752102178e+00,3.511678065343809430e+04,1.646788269344711443e+05,2.500000000000000000e+01,9.440760000000000000e+05,1.055040000000000000e+05,5.504356581725081687e-01,1.336736526644649314e-01,9.648410291901995950e-02,2.032018116617075043e-01,2.675019603610821403e-02,7.426293833119852750e-02,-9.693675422170032127e-03
1.104034075962856187e+00,4.756208566579739561e+00,1.954878612686837732e+04,9.297810404284653487e+04,4.900000000000000000e+01,5.324840000000000000e+05,8.918600000000000000e+04,8.159545040295892449e-01,3.845627295108591803e-01,3.242678620626798791e-01,6.495213233967271904e-01,2.921653049320196982e-01,4.024201717851100257e-01,-5.911768283329280060e-02
1.100377628978205680e+00,4.696860767745125287e+00,1.985476778737558925e+04,9.325507987321409746e+04,5.300000000000000000e+01,5.374030000000000000e+05,8.775300000000000000e+04,8.038973370199499202e-01,3.712136150046178584e-01,3.092062977057950524e-01,6.221179161395440360e-01,2.673010063451985441e-01,3.787114158150731713e-01,-5.477657139837079081e-02
1.125200979629434661e+00,5.046014605289833810e+00,2.189632648303524184e+04,1.104891832355904189e+05,3.800000000000000000e+01,6.154660000000000000e+05,1.119880000000000000e+05,7.340888824103997123e-01,2.895241844419522703e-01,2.354399222298692029e-01,4.777336938542701139e-01,1.554975965401970694e-01,2.569367853300042470e-01,-3.861603512010351735e-02
1.122464155734594016e+00,5.031550081932689267e+00,2.199361408163241867e+04,1.106619707344335475e+05,3.800000000000000000e+01,6.173850000000000000e+05,1.113430000000000000e+05,7.313443784375979195e-01,2.879326942820233937e-01,2.344747484175259966e-01,4.735686630222185611e-01,1.532077435393311149e-01,2.539983910029238179e-01,-3.781536678914167171e-02
9.788200514984548573e-01,3.016656384191481965e+00,2.916686229140125215e+04,8.798640133818938921e+04,1.300000000000000000e+01,6.323890000000000000e+05,9.570200000000000000e+04,6.918262982396854444e-01,2.653205078983049692e-01,1.694024923951583939e-01,3.941208069469993580e-01,1.000737023907833922e-01,2.029184029091765373e-01,-1.886662814472485003e-02
9.801083209876692015e-01,3.027309270662041918e+00,2.922727462840983935e+04,8.847999943877059559e+04,2.400000000000000000e+01,6.347320000000000000e+05,9.221600000000000000e+04,6.886089243615216571e-01,2.622120730737327876e-01,1.673915647570724252e-01,3.891283538641437945e-01,9.755570251496761824e-02,1.991734923264752155e-01,-1.859991453825957097e-02
9.854701005937038794e-01,3.402945757160359630e+00,1.817475992799195228e+04,6.184772218436833646e+04,2.700000000000000000e+01,4.212490000000000000e+05,1.166660000000000000e+05,9.425834020903223198e-01,5.762441027023619267e-01,4.971300825159346015e-01,9.724501570435286624e-01,6.713638145411724434e-01,7.374249753261226115e-01,-8.021661227547580153e-02
9.816924393769221879e-01,3.365672040937675913e+00,1.852252323306656763e+04,6.234073857315068017e+04,2.900000000000000000e+01,4.269530000000000000e+05,1.196390000000000000e+05,9.424680915861423092e-01,5.800718165993293818e-01,5.037696873414425625e-01,9.753225324432288623e-01,6.791641394103893337e-01,7.420632069162744759e-01,-7.825126927904313412e-02
1.148015723593402537e+00,5.351771711210890459e+00,3.028623312648100546e+04,1.620850056854392169e+05,1.300000000000000000e+01,8.686580000000000000e+05,9.273200000000000000e+04,5.894216373408183163e-01,1.586567566707496602e-01,1.261953054183447276e-01,2.505952577045033047e-01,4.208957002114319113e-02,9.979494191945093018e-02,-1.464199668527792556e-02
1.148711751169050777e+00,5.347818033164157825e+00,3.024352952097932575e+04,1.617368925588258135e+05,3.000000000000000000e+01,8.671510000000000000e+05,9.145700000000000000e+04,5.910887301013607598e-01,1.597817491544280266e-01,1.273098270249025943e-01,2.526521236044839136e-01,4.280053344664527110e-02,1.009708805831220496e-01,-1.487656280446959800e-02
1.032384775831370893e+00,3.862082357064569038e+00,2.207588661492448591e+04,8.525889221205773356e+04,2.500000000000000000e+01,5.445760000000000000e+05,1.257780000000000000e+05,7.865988256767300069e-01,3.607556709035121267e-01,2.757463867857208317e-01,5.780646000512059679e-01,2.270137380776216796e-01,3.469182670877474783e-01,-4.158602608935884487e-02
1.034195363079759566e+00,3.851002146251687019e+00,2.210155315030511701e+04,8.511312861732073361e+04,2.600000000000000000e+01,5.444410000000000000e+05,1.224270000000000000e+05,7.829719912049949437e-01,3.571463201210870464e-01,2.724918487426690183e-01,5.708757667654201784e-01,2.214519435014269955e-01,3.408900657624401864e-01,-4.068880625169248727e-02
8.673181222229967569e-01,2.100551557015732485e+00,1.350126522218162972e+04,2.836010368413598189e+04,2.100000000000000000e+01,2.458720000000000000e+05,6.707300000000000000e+04,1.469640547460846491e+00,1.698469630269675790e+00,2.260534101527559070e+00,3.509540325310870568e+00,9.881409692198291239e+00,4.572128443584400515e+00,-2.699322178517267190e-01
8.911704763159470355e-01,2.249508708137752055e+00,1.296592770894767455e+04,2.916696729036236502e+04,2.200000000000000000e+01,2.442870000000000000e+05,6.579300000000000000e+04,1.492586296879442997e+00,1.744709491168078941e+00,2.340275347277496198e+00,3.661495368809863926e+00,1.071340814411639286e+01,4.834255699887970437e+00,-3.199319523432047063e-01
1.222734268363749432e+00,6.748406375277516744e+00,2.505374903555840137e+04,1.690728797161652474e+05,3.900000000000000000e+01,8.132740000000000000e+05,1.298180000000000000e+05,6.369610228530280249e-01,1.898964697852020544e-01,1.762697610624331668e-01,3.182222939752163415e-01,7.129449381390701168e-02,1.386456329490386163e-01,-2.444122659830556821e-02
1.243169768320905311e+00,7.381057371491822394e+00,2.286921204900511657e+04,1.687989661745188350e+05,4.200000000000000000e+01,7.769910000000000000e+05,1.240470000000000000e+05,6.677559491984531581e-01,2.121165786468719172e-01,2.091167600097158519e-01,3.663177996215064569e-01,9.611985912966697354e-02,1.686876416553322322e-01,-3.225302578117218710e-02
1.211620872727632969e+00,6.734737041945222380e+00,2.465540797127509722e+04,1.660476893484179163e+05,3.400000000000000000e+01,7.999710000000000000e+05,1.403530000000000000e+05,6.484424763265979053e-01,1.998460614393126056e-01,1.887579168185464507e-01,3.372119373442824530e-01,8.060658962417104056e-02,1.507296247781909349e-01,-2.721215432318722927e-02
1.231632094349740525e+00,7.139773705938516457e+00,2.378982917741255369e+04,1.698539968296590960e+05,4.300000000000000000e+01,7.951120000000000000e+05,1.378000000000000000e+05,6.555940619004048120e-01,2.034585019659013172e-01,1.953825457437328716e-01,3.460367153729353995e-01,8.529975624890510921e-02,1.560567031712755959e-01,-2.862887440526551419e-02
9.183194549676044760e-01,2.826071783091304912e+00,2.824698613702259900e+04,7.982801047921081772e+04,2.400000000000000000e+01,5.966560000000000000e+05,1.740040000000000000e+05,7.143476812134741394e-01,2.933267498758817537e-01,1.897792860000108439e-01,4.328839745143633344e-01,1.224717524030873306e-01,2.343290942431975332e-01,-1.987686979109606900e-02
9.341489843118548908e-01,2.936784850001755043e+00,2.826529210757574037e+04,8.300908164240261249e+04,2.500000000000000000e+01,6.086560000000000000e+05,1.690100000000000000e+05,7.112211794787219876e-01,2.890085460084803604e-01,1.893940685667204193e-01,4.282978149565276338e-01,1.202398125729396139e-01,2.301351881679137845e-01,-2.055291652185898404e-02
1.123997387707061035e+00,4.155157626574331076e+00,1.380149721804477304e+04,5.734739642370315414e+04,4.600000000000000000e+01,3.467270000000000000e+05,3.241300000000000000e+04,1.122494776346335543e+00,8.569511134660545704e-01,9.004791378177381400e-01,1.631805543520872259e+00,1.966695027116530881e+00,1.508471481252206647e+00,-2.117346258370186307e-01
1.126651891377082659e+00,4.101277059741341269e+00,1.370330020749911637e+04,5.620103078376488702e+04,4.600000000000000000e+01,3.418580000000000000e+05,3.131800000000000000e+04,1.148760868947996006e+00,9.059495295437335338e-01,9.707720033229826351e-01,1.741231896385617262e+00,2.252232762314822612e+00,1.655096426516762032e+00,-2.288395132220648609e-01
1.171750994108457178e+00,5.799858741155383690e+00,2.700163822168660408e+04,1.566056874655643478e+05,3.900000000000000000e+01,8.083380000000000000e+05,1.042220000000000000e+05,6.226651640469251792e-01,1.821177590060610307e-01,1.531351690215463357e-01,2.957870091574326121e-01,5.969327775440800427e-02,1.262190700042817582e-01,-1.999011087200743692e-02
1.178713165339669633e+00,5.881016013343779214e+00,2.658055209924082737e+04,1.563206525391539035e+05,4.000000000000000000e+01,8.012360000000000000e+05,9.574400000000000000e+04,6.275043910581972195e-01,1.855211266417898242e-01,1.579939817321684981e-01,3.028702460992126477e-01,6.283599833600644891e-02,1.304440996578279666e-01,-2.100214355453641074e-02
9.327063139543713133e-01,2.735890087316336761e+00,9.610415151327830245e+03,2.629303954751254423e+04,1.700000000000000000e+01,1.997230000000000000e+05,5.505200000000000000e+04,1.777921187949453863e+00,2.563091439522377613e+00,4.191437585549512512e+00,6.140103045191751541e+00,3.113733280678136595e+01,9.824718412028659031e+00,-8.547806592684246141e-01
9.302756473664577364e-01,2.714980040519669569e+00,9.496527762513054768e+03,2.578288332946386072e+04,1.400000000000000000e+01,1.965970000000000000e+05,5.335100000000000000e+04,1.814846862891968282e+00,2.683143745534788849e+00,4.483387724224832560e+00,6.518953840806698707e+00,3.523075740331137951e+01,1.067263578424927672e+01,-9.200067156453641815e-01
9.844478380430720099e-01,3.413213180575772387e+00,1.380425755932544416e+04,4.711687384955235029e+04,1.700000000000000000e+01,3.204350000000000000e+05,8.767900000000000000e+04,1.183523998847564318e+00,9.974407682751164073e-01,1.076082285747822498e+00,1.884815714335648540e+00,2.676201440410855170e+00,1.880338509930335356e+00,-2.079602080240625650e-01
9.855008813930663525e-01,3.423679829007866715e+00,1.389326723892331211e+04,4.756609880491755757e+04,2.300000000000000000e+01,3.229930000000000000e+05,8.835700000000000000e+04,1.182533182944617955e+00,9.984270847991403297e-01,1.082916560279374663e+00,1.885008334082076242e+00,2.685218622895501284e+00,1.881452596702701818e+00,-2.070923220753591032e-01
8.499603304166174489e-01,1.540363494090786434e+00,1.522549392970393092e+04,2.345279502881680310e+04,3.800000000000000000e+01,2.372890000000000000e+05,5.708900000000000000e+04,1.513335766549814831e+00,1.821497905860301803e+00,2.463737005670313174e+00,3.791004078969069990e+00,1.158456266954446079e+01,5.115817788479902539e+00,-1.738661866173112358e-01
8.473013794441128788e-01,1.534727273648473389e+00,1.522323645892446802e+04,2.336351618671118922e+04,3.400000000000000000e+01,2.368390000000000000e+05,5.802800000000000000e+04,1.510668843993942634e+00,1.817631707409919972e+00,2.461824635734756406e+00,3.776538216849168350e+00,1.151390030221402938e+01,5.090893527387683193e+00,-1.692537570917496126e-01
9.961950439464534179e-01,3.199353136435611145e+00,1.624223096455594350e+04,5.196463257916365546e+04,1.700000000000000000e+01,3.624140000000000000e+05,5.138800000000000000e+04,1.070751002674528163e+00,7.872490553365206756e-01,7.610171804972013510e-01,1.405686996986963422e+00,1.448055091782940895e+00,1.245960245258010746e+00,-1.300737261312195914e-01
9.956385172348761747e-01,3.196271540666607791e+00,1.634006778222636058e+04,5.222729362489345658e+04,1.700000000000000000e+01,3.643210000000000000e+05,5.130400000000000000e+04,1.060648742209833628e+00,7.725939883666531616e-01,7.438820314884790896e-01,1.371245933092630986e+00,1.379409971575167981e+00,1.204056485401926446e+00,-1.234295641056454285e-01
9.887788782941774324e-01,3.158210558801500589e+00,1.639583966026478447e+04,5.178151393546465260e+04,2.200000000000000000e+01,3.634200000000000000e+05,5.173000000000000000e+04,1.069390581114265659e+00,7.862528019464279927e-01,7.588652364022842045e-01,1.400651688216189239e+00,1.438394922853010627e+00,1.240733439141787686e+00,-1.274971544331666706e-01
9.906229221074394076e-01,3.131969402107046996e+00,1.639065851414219651e+04,5.133504094667870959e+04,1.900000000000000000e+01,3.617200000000000000e+05,5.113400000000000000e+04,1.067787493027570145e+00,7.848138647975606563e-01,7.569555148569677705e-01,1.395310212388321647e+00,1.428494101264256244e+00,1.234883243232453465e+00,-1.252462095003703535e-01
9.976389318133879192e-01,3.125116401785213327e+00,1.654966828808702121e+04,5.171963981120536482e+04,2.000000000000000000e+01,3.646130000000000000e+05,5.442700000000000000e+04,1.063179816442402448e+00,7.775405802185840765e-01,7.482597315852141939e-01,1.378950775072462331e+00,1.395327114928569534e+00,1.214745108102095905e+00,-1.227220807144956405e-01
9.993037549589740554e-01,3.147407058682773595e+00,1.638473482917073852e+04,5.156943005597747106e+04,2.300000000000000000e+01,3.623050000000000000e+05,5.181500000000000000e+04,1.073994559874077215e+00,7.966703737130146346e-01,7.756585616917148762e-01,1.421107541620364234e+00,1.486442560884041697e+00,1.267170442430982424e+00,-1.289307199462963460e-01
9.891009989325287854e-01,3.108467375037987868e+00,1.666977249024239427e+04,5.181744393522423343e+04,1.200000000000000000e+01,3.667290000000000000e+05,5.754900000000000000e+04,1.056980334595153836e+00,7.664157777460036680e-01,7.308638694370130917e-01,1.353997971345166418e+00,1.341670743882214412e+00,1.184208016116595319e+00,-1.189203630868137518e-01
9.898105970928083863e-01,3.074407548611292285e+00,1.678439189558344515e+04,5.160206114263194468e+04,3.100000000000000000e+01,3.671530000000000000e+05,5.799800000000000000e+04,1.060406645590306951e+00,7.755267491312135553e-01,7.446106835943453461e-01,1.369264896589260427e+00,1.377569350374948431e+00,1.204670071173256529e+00,-1.178100188328140563e-01
9.879216178465864973e-01,3.154823228300690285e+00,1.647396203070856427e+04,5.197243807662299514e+04,1.700000000000000000e+01,3.651060000000000000e+05,5.266600000000000000e+04,1.061429257160589223e+00,7.738025322366886005e-01,7.434186826766352452e-01,1.372040861234741893e+00,1.380245466754532746e+00,1.205732354554755137e+00,-1.227600221530764646e-01
9.890755301922318221e-01,3.150813382514027428e+00,1.641234982383032911e+04,5.171225146342634253e+04,1.400000000000000000e+01,3.633110000000000000e+05,5.176100000000000000e+04,1.073110971248157242e+00,7.941760028958024797e-01,7.711471310874671303e-01,1.416304577033740131e+00,1.474542131182142946e+00,1.260909839166918456e+00,-1.286396435397474391e-01
9.851582217654530904e-01,3.043712034533739175e+00,2.895296072255729086e+04,8.812447498663028819e+04,3.900000000000000000e+01,6.301240000000000000e+05,9.200200000000000000e+04,6.948395076297636530e-01,2.675534665833105841e-01,1.715308183421146160e-01,3.988773095674135183e-01,1.025120092628753754e-01,2.062280189986583634e-01,-1.941862631070591025e-02
9.832055373469535953e-01,3.026379634128625540e+00,2.913450725647282525e+04,8.817207941136202135e+04,3.100000000000000000e+01,6.322800000000000000e+05,8.921200000000000000e+04,6.920264897385098868e-01,2.652171132472422310e-01,1.697269904929833151e-01,3.944456665265108075e-01,1.002738186822373229e-01,2.030475231560193994e-01,-1.901150357619674214e-02
1.012748369007257176e+00,3.621844591666365076e+00,4.143616923211257381e+04,1.500753654326991527e+05,2.500000000000000000e+01,9.902510000000000000e+05,2.368990000000000000e+05,5.165098364039710788e-01,1.167060338622397941e-01,6.889265584786921637e-02,1.668875765506619979e-01,1.691368780791520712e-02,5.700080750948280373e-02,-5.843336632030158434e-03
1.011414028817960498e+00,3.594183674685696772e+00,4.171832735066441819e+04,1.499433310989518359e+05,2.200000000000000000e+01,9.932340000000000000e+05,2.331060000000000000e+05,5.170668943388058159e-01,1.171419267611516768e-01,6.895798245280708449e-02,1.673954082396160170e-01,1.700632499583715554e-02,5.728152348675297212e-02,-5.851570603717324778e-03
1.047715917581331535e+00,4.159059935070693825e+00,4.099981896742709796e+04,1.705207044125775283e+05,3.400000000000000000e+01,1.050507000000000000e+06,2.811970000000000000e+05,5.045813470304967296e-01,1.079530616151977013e-01,6.995711388945229092e-02,1.562435336741254399e-01,1.529040358764451567e-02,5.129606812122854131e-02,-5.747663727528652851e-03
1.047311152712557591e+00,4.162890554333706028e+00,4.099607253737206338e+04,1.706621631306056224e+05,4.100000000000000000e+01,1.050913000000000000e+06,2.816050000000000000e+05,5.057681075885245292e-01,1.079435770511091019e-01,6.994106477662243027e-02,1.569201802605945939e-01,1.536254334568394088e-02,5.151576315424614971e-02,-5.851844711838901335e-03
1.105851934682857252e+00,4.742843187593932086e+00,2.381701692290641950e+04,1.129603764616161061e+05,4.500000000000000000e+01,6.450550000000000000e+05,8.195700000000000000e+04,7.041089750102680345e-01,2.611409872243277142e-01,2.034320629741533937e-01,4.223056640134385531e-01,1.198987329368103871e-01,2.157348231282331663e-01,-3.075309405830610465e-02
1.102561783959163932e+00,4.703170981608772117e+00,2.411373576527761179e+04,1.134110223094352696e+05,2.400000000000000000e+01,6.504420000000000000e+05,8.210800000000000000e+04,7.001361851709969608e-01,2.570846734880643525e-01,1.986902602085398872e-01,4.147719156780651506e-01,1.152673875290450844e-01,2.102379800841563950e-01,-2.985114685999617351e-02
9.286594811680985995e-01,2.684859577886069548e+00,1.737230963437353421e+04,4.664221191185022326e+04,1.100000000000000000e+01,3.576600000000000000e+05,9.622200000000000000e+04,1.070900518446893601e+00,8.047060870268438748e-01,7.698209482579367879e-01,1.402438775186593434e+00,1.453489500519921984e+00,1.257092782794214436e+00,-1.039972410313072526e-01
9.278865471463899617e-01,2.681878913041268131e+00,1.746466875111099580e+04,4.683812684685536078e+04,1.200000000000000000e+01,3.593610000000000000e+05,9.795300000000000000e+04,1.067627474299204682e+00,7.938085868576456594e-01,7.484418932231290400e-01,1.383606634083851539e+00,1.404138819277650940e+00,1.231790599965463029e+00,-1.039983691987182990e-01
1.016519538780995546e+00,3.650132158265368076e+00,3.611107562306975888e+04,1.318101984013195324e+05,5.400000000000000000e+01,8.660020000000000000e+05,1.946620000000000000e+05,5.627481986656355240e-01,1.496862291264978440e-01,9.230147064554350411e-02,2.167436127597714979e-01,2.937337616769318538e-02,8.385659017047902841e-02,-8.776728666191575129e-03
1.017222597439262577e+00,3.626489610112569206e+00,3.635761883192317327e+04,1.318505269424024737e+05,5.300000000000000000e+01,8.690500000000000000e+05,1.987040000000000000e+05,5.615221316038355726e-01,1.474527305675716049e-01,8.972175171418926565e-02,2.142455292381077459e-01,2.840162963545364225e-02,8.226933280333442733e-02,-8.699511609106282822e-03
8.902582324659887858e-01,2.547951260473219737e+00,1.436633700261174818e+04,3.660472647418766428e+04,2.300000000000000000e+01,2.880070000000000000e+05,9.272300000000000000e+04,1.292363989803414936e+00,1.245449053430204067e+00,1.432324537041253842e+00,2.408084868475584894e+00,4.467060734895261120e+00,2.685685293127547446e+00,-2.158766494448460804e-01
8.929157166890058228e-01,2.594146225556833052e+00,1.438671989142659731e+04,3.732125510448771820e+04,1.800000000000000000e+01,2.910020000000000000e+05,9.168800000000000000e+04,1.273689466377664337e+00,1.204994664925876924e+00,1.369212075604774537e+00,2.311611811896784552e+00,4.107423626886646417e+00,2.535797480293621398e+00,-2.046170230493753461e-01
1.042769878974625808e+00,3.917777811882865002e+00,4.422073202338386909e+04,1.732470027464313898e+05,3.300000000000000000e+01,1.096754000000000000e+06,2.169820000000000000e+05,4.907049241390950556e-01,9.952677541019970542e-02,6.158937712956770449e-02,1.429729724365554899e-01,1.250763922493584347e-02,4.506102992728033829e-02,-4.853550161253629251e-03
1.039952285196074966e+00,3.853119954494443888e+00,4.455288661802925344e+04,1.716676164582570200e+05,3.700000000000000000e+01,1.095668000000000000e+06,2.219550000000000000e+05,4.892392379223368115e-01,9.927749721694943685e-02,6.090282260812265175e-02,1.419579312745909150e-01,1.232372184781739544e-02,4.468690914296127165e-02,-4.727923441295764882e-03
1.056862722211624694e+00,3.361582295054302172e+00,8.493600151256760000e+03,2.855193588973526857e+04,2.800000000000000000e+01,1.946900000000000000e+05,3.590400000000000000e+04,1.828003468904478845e+00,2.691516828323921917e+00,4.543563087584503002e+00,6.686017520959699922e+00,3.683014189339688471e+01,1.096057170448004747e+01,-1.240376325222182885e+00
1.060310290913184739e+00,3.365940903803605000e+00,8.481768177464498876e+03,2.854913044510750842e+04,1.500000000000000000e+01,1.945400000000000000e+05,3.569200000000000000e+04,1.834920116662167144e+00,2.715461818855407383e+00,4.606327874012674961e+00,6.763267995429064428e+00,3.772872486469769626e+01,1.113642732193257778e+01,-1.255144768442459480e+00
1.178311469816890833e+00,5.854032522644221359e+00,1.316645120665844297e+04,7.707683357158677245e+04,5.100000000000000000e+01,3.955130000000000000e+05,4.965700000000000000e+04,1.041043033825780340e+00,6.855190321668108711e-01,7.247563550690711009e-01,1.328853867830153135e+00,1.287687999387837179e+00,1.098452714310868661e+00,-2.062618055985436238e-01
1.171596791942799642e+00,5.755092966352115980e+00,1.346455136856534227e+04,7.748974487631715601e+04,4.400000000000000000e+01,4.010740000000000000e+05,4.684900000000000000e+04,1.026833107742108897e+00,6.657886195168652987e-01,6.961468074985230903e-01,1.277914554549522297e+00,1.190072267107905368e+00,1.041071574264119892e+00,-1.911269683441605971e-01
1.166354740213412455e+00,5.735116532104535203e+00,5.190167639422808861e+03,2.976621623324772372e+04,9.000000000000000000e+00,1.545370000000000000e+05,1.966300000000000000e+04,2.301947862849308635e+00,4.333148324568654175e+00,9.412305562430191230e+00,1.331782270985192440e+01,1.490016067975208500e+02,2.768919055571254972e+01,-5.603589345702957303e+00
1.163643322535250713e+00,5.677468277619944992e+00,5.235437698909641767e+03,2.972403145501505060e+04,1.200000000000000000e+01,1.551030000000000000e+05,1.974700000000000000e+04,2.283859895958755271e+00,4.257136529693914540e+00,9.151222514832092259e+00,1.300059965895023950e+01,1.417006709105574487e+02,2.679142336131301860e+01,-5.379412277736690839e+00
1.096905158795944857e+00,4.808021211538669348e+00,7.777239176501865586e+03,3.739313092783050524e+04,3.700000000000000000e+01,2.141250000000000000e+05,5.111500000000000000e+04,1.704016221205152171e+00,2.246612018124585219e+00,3.577711716627050453e+00,5.500493034505854695e+00,2.436392163502863184e+01,8.233452043088011152e+00,-1.342088259846256904e+00
1.091203037320814584e+00,4.687729868932986932e+00,8.001717332867578079e+03,3.750988934404213796e+04,4.100000000000000000e+01,2.175050000000000000e+05,5.645500000000000000e+04,1.675788926754347763e+00,2.168714461513228109e+00,3.395264064659980985e+00,5.237186812256092061e+00,2.205062717835573594e+01,7.702374143821937302e+00,-1.219296452121954033e+00
1.116571331014817758e+00,5.033509265247766429e+00,1.855073082758911187e+04,9.337527549778716639e+04,3.700000000000000000e+01,5.226380000000000000e+05,1.268980000000000000e+05,8.265763780461481414e-01,3.946958450357096471e-01,3.410417443336071774e-01,6.750007254274825730e-01,3.172232560960480674e-01,4.236625132995713860e-01,-6.523853671603993543e-02
1.114787039091644338e+00,4.999783400712848547e+00,1.868400238046287268e+04,9.341596496071762522e+04,5.100000000000000000e+01,5.246350000000000000e+05,1.295770000000000000e+05,8.253118681214691721e-01,3.936079163731802111e-01,3.391263699829072942e-01,6.719656878861453020e-01,3.142221823627012189e-01,4.211766766114495297e-01,-6.450932876522424975e-02
1.030886623891844156e+00,3.852511306579133876e+00,3.931853017432706838e+04,1.514750820546678733e+05,3.100000000000000000e+01,9.689950000000000000e+05,2.379510000000000000e+05,5.277559754229037559e-01,1.233739693845270213e-01,7.638460883631838227e-02,1.784271653142643355e-01,1.970322765992643319e-02,6.266026117752952762e-02,-6.758842874535136297e-03
1.035186440476057568e+00,3.878077580229464694e+00,3.924616479034078657e+04,1.521996717834116134e+05,3.800000000000000000e+01,9.704250000000000000e+05,2.359560000000000000e+05,5.268430504012155957e-01,1.227219013474779158e-01,7.645297922959086445e-02,1.776843590073190760e-01,1.957302082957435366e-02,6.223326854332793950e-02,-6.766313425096593705e-03
8.799850427436833877e-01,2.291581457690253565e+00,9.763328373283844485e+03,2.237346226555840258e+04,2.000000000000000000e+01,1.856980000000000000e+05,5.289900000000000000e+04,1.899106781589525283e+00,2.979916283574908675e+00,5.193116501207750701e+00,7.411260677241722661e+00,4.596959814970705338e+01,1.278924351188382325e+01,-8.904383664901338591e-01
8.799134718660012178e-01,2.293609219922242204e+00,9.746377021668078669e+03,2.235438019773618726e+04,1.600000000000000000e+01,1.854540000000000000e+05,5.374400000000000000e+04,1.888554173941458192e+00,2.952976248904028100e+00,5.147233850212296069e+00,7.310621741825288566e+00,4.483727302002789372e+01,1.255838676846456359e+01,-8.565334468354741659e-01
1.035626968947825466e+00,4.029806478723113372e+00,2.142751143619041250e+04,8.634872440847371763e+04,2.700000000000000000e+01,5.404230000000000000e+05,1.457470000000000000e+05,7.860836777316609902e-01,3.588586964000723412e-01,2.781493913416254737e-01,5.785227709773119731e-01,2.280552015345103101e-01,3.462726321596248380e-01,-4.298248246435853320e-02
1.041948896073667807e+00,4.119227290260903729e+00,2.087430410402148846e+04,8.598600313049049873e+04,2.400000000000000000e+01,5.322940000000000000e+05,1.503960000000000000e+05,8.006748434256005797e-01,3.768303929679713282e-01,3.006027608962696940e-01,6.126189829403709819e-01,2.585709578848107704e-01,3.757355113203277863e-01,-4.748459767872167253e-02
1.097996975851731616e+00,4.756347518051025069e+00,3.304471334622072754e+04,1.571721403090045496e+05,2.900000000000000000e+01,9.046410000000000000e+05,2.162090000000000000e+05,5.586343357891501160e-01,1.391631569890025288e-01,9.992581400812784731e-02,2.117663642032747151e-01,2.900197734764362392e-02,7.897944850732960265e-02,-1.038493634558404835e-02
1.090546927054776294e+00,4.591413362557735134e+00,3.446895615319683566e+04,1.582612258752046328e+05,2.500000000000000000e+01,9.268750000000000000e+05,2.094350000000000000e+05,5.513646757169199386e-01,1.363123111279115340e-01,9.646328028882630856e-02,2.047000605514419647e-01,2.713667605289116214e-02,7.555760486304501089e-02,-9.539476865500697012e-03
1.097358019328801504e+00,4.646151579519719022e+00,3.375117775427064043e+04,1.568130878336553287e+05,3.900000000000000000e+01,9.108130000000000000e+05,1.758950000000000000e+05,5.615768977631006020e-01,1.427782461357121890e-01,1.019521435836443085e-01,2.160255116273259723e-01,3.030273382063965529e-02,8.161298242877389197e-02,-1.046666744773329036e-02
1.096138526409420777e+00,4.640132126599412210e+00,3.390674646018436761e+04,1.573317835583623673e+05,4.900000000000000000e+01,9.144010000000000000e+05,1.744490000000000000e+05,5.577479059312215881e-01,1.402499697098369413e-01,1.000887624990294128e-01,2.117473357025111969e-01,2.911526024237663657e-02,7.928227316195801677e-02,-1.012691841025946220e-02
1.067924980503503818e+00,4.384927280612767930e+00,2.591406415555544663e+04,1.136312868672445620e+05,5.300000000000000000e+01,6.814170000000000000e+05,1.712730000000000000e+05,6.727513804520438567e-01,2.352390102716763742e-01,1.717431730065309137e-01,3.677672884428609401e-01,8.946987316403687274e-02,1.783262945983956349e-01,-2.319295169686403507e-02
1.059471836999702710e+00,4.284158405878421227e+00,2.651448779892732273e+04,1.135922657813353289e+05,5.800000000000000000e+01,6.891270000000000000e+05,1.701730000000000000e+05,6.693857509356071489e-01,2.335229173901114397e-01,1.688671692046452844e-01,3.627598493104683963e-01,8.697414285157424596e-02,1.752551998674426736e-01,-2.228805129529718571e-02
1.055140280259920571e+00,3.953856683520392767e+00,4.499853901024986408e+04,1.779177742143295472e+05,1.800000000000000000e+01,1.113255000000000000e+06,1.331450000000000000e+05,4.872033968358685518e-01,9.667353314507202977e-02,6.043069885054552781e-02,1.397266496949357839e-01,1.192996230016366184e-02,4.338977041430268355e-02,-4.746412318849240614e-03
1.052766806834563251e+00,3.942516773748140135e+00,4.524704036926224944e+04,1.783872156182756589e+05,1.900000000000000000e+01,1.117508000000000000e+06,1.479880000000000000e+05,4.894889484131456081e-01,9.785207720313260360e-02,6.120509204576844720e-02,1.416967147165465735e-01,1.226477541762189573e-02,4.427222300536334809e-02,-4.868531308176456303e-03
1.057456362134489236e+00,3.980446871271248632e+00,5.122344834902504226e+04,2.038922147166011564e+05,2.100000000000000000e+01,1.270574000000000000e+06,1.632770000000000000e+05,4.504132546128707948e-01,7.669024350504179133e-02,4.771888048461469384e-02,1.093878517873759088e-01,7.222674126604035523e-03,3.018833556570396648e-02,-3.208167394804575800e-03
1.061954121465507050e+00,4.066986641876438213e+00,5.019863871504948474e+04,2.041571930944876804e+05,4.500000000000000000e+01,1.259042000000000000e+06,1.533580000000000000e+05,4.572417441952880690e-01,7.991433947049686459e-02,5.092059658532202548e-02,1.146559760626716939e-01,8.018097916412775597e-03,3.230730158428157112e-02,-3.530017334868076721e-03
1.104297203652683468e+00,4.857588146369129944e+00,1.668994041255554475e+04,8.107285671163692314e+04,4.200000000000000000e+01,4.598020000000000000e+05,7.882500000000000000e+04,9.097337844415439578e-01,5.064366918825045083e-01,4.632912255581722594e-01,8.931374154667217624e-01,5.663066210895074670e-01,6.347885325714921478e-01,-9.679356099302349747e-02
1.101723649191148624e+00,4.767292100779400243e+00,1.686148261397099122e+04,8.038361287301310222e+04,3.700000000000000000e+01,4.597820000000000000e+05,7.148000000000000000e+04,9.097331510098384255e-01,5.054312923413178948e-01,4.580137704295272894e-01,8.901744782213748541e-01,5.602354048872679737e-01,6.320680688753479437e-01,-9.597779090190636242e-02
9.738011101030550343e-01,3.176719148689213679e+00,4.803624012067051081e+04,1.525976438223670702e+05,3.100000000000000000e+01,1.075609000000000000e+06,2.776020000000000000e+05,4.823756176980939503e-01,9.779996911282359817e-02,5.180167669725227464e-02,1.356874069696563379e-01,1.072947505921812913e-02,4.241656783598449221e-02,-3.779782871267745210e-03
9.743590064572785758e-01,3.177947625936617282e+00,4.789366404223433346e+04,1.522035559404245287e+05,3.300000000000000000e+01,1.072624000000000000e+06,2.775010000000000000e+05,4.862564964249380672e-01,1.000402265393195017e-01,5.324053254147428915e-02,1.390603923309416123e-01,1.129443030140976981e-02,4.396862561892882215e-02,-3.950453201880769517e-03
1.024505319311010965e+00,3.816090882414978402e+00,1.001795585954427588e+04,3.822943001604262099e+04,1.500000000000000000e+01,2.458260000000000000e+05,6.371400000000000000e+04,1.503890565291461368e+00,1.720539105677511227e+00,2.381781988083266022e+00,3.792806771872569094e+00,1.138188978623517933e+01,4.969455872736039836e+00,-6.363501956758339517e-01
1.021102527757905332e+00,3.796878175366309893e+00,1.006465865338129151e+04,3.821428278353509813e+04,2.200000000000000000e+01,2.463680000000000000e+05,6.828200000000000000e+04,1.495697902880905872e+00,1.703072436001109802e+00,2.350261476897407942e+00,3.737658868820348701e+00,1.106097679833102454e+01,4.872263121564662569e+00,-6.121611701345814893e-01
1.023742539126466733e+00,3.806913174053495830e+00,2.593993624259113858e+04,9.875108501602793694e+04,2.400000000000000000e+01,6.358160000000000000e+05,1.701840000000000000e+05,6.976955922060654736e-01,2.643739409245924876e-01,1.846279671337214545e-01,4.069596848407298628e-01,1.088956202737568213e-01,2.091500154456304161e-01,-2.419720316539082303e-02
1.029804032751590270e+00,3.819182745649170041e+00,2.594732783295927220e+04,9.909758675534052600e+04,2.900000000000000000e+01,6.369450000000000000e+05,1.684640000000000000e+05,7.042432657836061871e-01,2.724266974178423117e-01,1.935294787175207698e-01,4.197345574775749322e-01,1.169303884465558024e-01,2.189719398199600486e-01,-2.526515280819733103e-02
1.013098060328120997e+00,3.609712588542113743e+00,4.366981564422594965e+04,1.576354832702757558e+05,1.900000000000000000e+01,1.041882000000000000e+06,2.480420000000000000e+05,4.991124382003317983e-01,1.051198461556503011e-01,6.103532204150931978e-02,1.499612586201903297e-01,1.346265726019600303e-02,4.859863974306654483e-02,-4.958982012915472311e-03
1.013650879069872834e+00,3.633319980106247460e+00,4.357584811564852134e+04,1.583249996086609608e+05,3.500000000000000000e+01,1.043030000000000000e+06,2.487440000000000000e+05,5.000668677630041303e-01,1.061609523901286545e-01,6.248644493324873733e-02,1.512959848093914927e-01,1.381783683108860940e-02,4.927314866660991582e-02,-5.047053690280620120e-03
1.117056276352334176e+00,4.914864844260290688e+00,1.393148391947362688e+04,6.847136054419848369e+04,1.700000000000000000e+01,3.837650000000000000e+05,4.854100000000000000e+04,1.046730938891562213e+00,7.122547787113181483e-01,7.267234247267145841e-01,1.340390046002440272e+00,1.310515495107245965e+00,1.129505124513360936e+00,-1.806893443352644568e-01
1.117901619936768842e+00,4.902033777199663156e+00,1.400959131191139750e+04,6.867548981575261860e+04,2.400000000000000000e+01,3.854600000000000000e+05,4.926000000000000000e+04,1.044623590793593682e+00,7.088572861088404675e-01,7.215158338104789015e-01,1.332342156264923361e+00,1.293995219789032092e+00,1.120046240165241791e+00,-1.789548182579574487e-01
9.758549653643073807e-01,3.281333796241228118e+00,2.152368954073137138e+04,7.062640990980569040e+04,2.300000000000000000e+01,4.898820000000000000e+05,1.361940000000000000e+05,8.415974856651378122e-01,4.382618055356966025e-01,3.403644614628944520e-01,7.006520932361610665e-01,3.388669090476090218e-01,4.634329997825641367e-01,-4.733706612186186491e-02
9.750785183242949294e-01,3.272213760541674343e+00,2.162367956983491604e+04,7.075730184195768379e+04,1.700000000000000000e+01,4.914730000000000000e+05,1.359210000000000000e+05,8.374855366733315876e-01,4.327636638987128470e-01,3.342632665724304397e-01,6.904793382761585940e-01,3.284633754148445495e-01,4.538356618561096290e-01,-4.636066315661027670e-02
1.023701694886089975e+00,3.637694822632552505e+00,1.657767400679571438e+04,6.030451890581101179e+04,3.200000000000000000e+01,3.959860000000000000e+05,7.946300000000000000e+04,1.005852446053845828e+00,6.714540992111240891e-01,6.246112040357535422e-01,1.179164545007245657e+00,1.005657514878268710e+00,9.651046412495989379e-01,-1.128312644939892251e-01
1.020367655609189406e+00,3.624870233875699732e+00,1.667466442468458990e+04,6.044349473290523747e+04,2.800000000000000000e+01,3.976320000000000000e+05,8.027200000000000000e+04,1.000359755072481427e+00,6.632377428868522218e-01,6.143299630050428339e-01,1.161013531658618536e+00,9.743281272699906292e-01,9.444259035102304800e-01,-1.100252872083068434e-01
1.020352667966319737e+00,3.635007829594105289e+00,2.052529560350213433e+04,7.460961022346372192e+04,3.900000000000000000e+01,4.901720000000000000e+05,9.263600000000000000e+04,8.475891930032475319e-01,4.394282421653568638e-01,3.510191405490769023e-01,7.172178233505774880e-01,3.557216505606162760e-01,4.749833239855804079e-01,-5.446427034689138580e-02
1.021186301291660881e+00,3.607586933817203967e+00,2.068763293125457130e+04,7.463243425440049032e+04,3.300000000000000000e+01,4.921190000000000000e+05,9.285100000000000000e+04,8.435971400137609599e-01,4.322129559209347827e-01,3.405998131438104370e-01,7.048994444139375926e-01,3.412306958023246795e-01,4.629849473385858616e-01,-5.345671126685358487e-02
9.744798798375079452e-01,3.276396739380368572e+00,8.571108810580350109e+03,2.808235295985981065e+04,2.400000000000000000e+01,1.949280000000000000e+05,5.482200000000000000e+04,1.827680504352699797e+00,2.693699135094063557e+00,4.533136466889281735e+00,6.668857984482787771e+00,3.664750851422795108e+01,1.093725490704045988e+01,-1.198571317701937033e+00
9.736030607027584827e-01,3.267817797552914794e+00,8.612542838169214519e+03,2.814422076875625135e+04,1.300000000000000000e+01,1.956090000000000000e+05,5.547300000000000000e+04,1.817143826041141441e+00,2.666271254725336437e+00,4.479708234790109600e+00,6.569806391500000231e+00,3.562266895111586962e+01,1.071978293423780926e+01,-1.152738507911003296e+00
1.092465299348847285e+00,4.637881316199916171e+00,2.052913556386435812e+04,9.521169426938174001e+04,4.100000000000000000e+01,5.544800000000000000e+05,1.189360000000000000e+05,7.829402385635571004e-01,3.476211348604120177e-01,2.826681986920231426e-01,5.749323108759782919e-01,2.267422764266946722e-01,3.387105538370759339e-01,-4.802956170958178062e-02
1.088501140580816928e+00,4.613841790669694021e+00,2.064066099291472347e+04,9.523274427615576133e+04,4.200000000000000000e+01,5.560960000000000000e+05,1.220960000000000000e+05,7.828421881452031217e-01,3.479778875110464131e-01,2.825795299958099305e-01,5.747324589480011792e-01,2.266416159159749533e-01,3.387666192853343028e-01,-4.774561020798012700e-02
1.046283434370955279e+00,3.796459637108659635e+00,4.312937380848967587e+04,1.637389268377024273e+05,2.700000000000000000e+01,1.046860000000000000e+06,1.536050000000000000e+05,5.006080386671212246e-01,1.051723922602229438e-01,6.364290452909372731e-02,1.516440041160970753e-01,1.395261145848409289e-02,4.914767752082607050e-02,-5.221072182267337720e-03
1.039862547490080669e+00,3.802644973972624687e+00,4.324835033305019897e+04,1.644581220265806187e+05,2.900000000000000000e+01,1.051054000000000000e+06,1.509560000000000000e+05,5.027730398250453980e-01,1.063058416067516887e-01,6.499500035652024110e-02,1.536785778807921721e-01,1.437734395933914881e-02,5.007457926808812909e-02,-5.402558643679522023e-03
1.182427779658293820e+00,5.942398755958828716e+00,8.035187115383385390e+03,4.774828591835063708e+04,3.500000000000000000e+01,2.434650000000000000e+05,3.489700000000000000e+04,1.546134633956044446e+00,1.764100889169653463e+00,2.611482327521954083e+00,4.190689968255338904e+00,1.381892148702238288e+01,5.556042270430826768e+00,-1.110458688204133182e+00
1.180382516966470119e+00,5.945195095377600047e+00,8.093721706836280646e+03,4.811875459483427403e+04,2.600000000000000000e+01,2.454280000000000000e+05,3.128200000000000000e+04,1.523370261973326922e+00,1.700240461258299307e+00,2.471313635320600444e+00,4.006466295931034871e+00,1.256305219453029309e+01,5.214662092432227780e+00,-1.049802198873900139e+00
1.096383012847464977e+00,4.638974767379911768e+00,3.207371287869627122e+04,1.487891447404601204e+05,4.900000000000000000e+01,8.649070000000000000e+05,1.680470000000000000e+05,5.797448781789227290e-01,1.548423848778322232e-01,1.107524566404351346e-01,2.368047768262034336e-01,3.634827005241612896e-02,9.317746789451306078e-02,-1.222724303226202340e-02
1.094834745236602291e+00,4.628288907232697369e+00,3.217165671486526844e+04,1.488997219007092353e+05,4.900000000000000000e+01,8.666320000000000000e+05,1.663220000000000000e+05,5.784565131120728010e-01,1.547388688751618058e-01,1.109407425136050979e-01,2.358912650820501611e-01,3.620116802690555996e-02,9.278690578650167220e-02,-1.207038846753431642e-02
9.068447046398816491e-01,2.431707240466193465e+00,5.409937937882132246e+03,1.315538525402072810e+04,1.800000000000000000e+01,1.059870000000000000e+05,2.960300000000000000e+04,3.182033329679711198e+00,9.040597258469146524e+00,2.727413542712957906e+01,3.388546136604926318e+01,1.030109465822775292e+03,1.018665334537736840e+02,-7.728615674438856331e+00
9.021877354608927035e-01,2.412966482445008776e+00,5.498612020050240062e+03,1.326796650435047195e+04,1.100000000000000000e+01,1.073110000000000000e+05,2.887500000000000000e+04,3.149019879628108143e+00,8.863632053705256197e+00,2.656262243983820781e+01,3.291771114536439313e+01,9.733473815353740974e+02,9.798405681088030406e+01,-7.252280011393338555e+00
9.599817490757239780e-01,3.156151638611686128e+00,1.366204849750030189e+04,4.311949675217790355e+04,2.200000000000000000e+01,3.049470000000000000e+05,8.717000000000000000e+04,1.237863529467187584e+00,1.113086150925318485e+00,1.243949145568543191e+00,2.139323594729058087e+00,3.482281223964412309e+00,2.254871177267232074e+00,-2.308476996318842289e-01
9.581315595773697291e-01,3.154138713735276323e+00,1.366424553365947577e+04,4.309892583169969294e+04,1.400000000000000000e+01,3.048990000000000000e+05,8.757300000000000000e+04,1.229308968488006748e+00,1.096245574589548966e+00,1.218012531371872820e+00,2.097897316907773924e+00,3.346097794662760805e+00,2.194408733669927170e+00,-2.231462267363140128e-01
1.022217704045934150e+00,3.614096775414441076e+00,1.163350852363323429e+04,4.204462564201928762e+04,2.400000000000000000e+01,2.766110000000000000e+05,4.769900000000000000e+04,1.346961034202654783e+00,1.342376145660565401e+00,1.661625634215123881e+00,2.753451152826804638e+00,5.877235874892350331e+00,3.186596841019925019e+00,-3.807682202219089262e-01
1.021085420896144846e+00,3.618710043197912007e+00,1.160562656890483777e+04,4.199739742250046402e+04,2.600000000000000000e+01,2.760370000000000000e+05,4.745300000000000000e+04,1.353491729526539400e+00,1.355198113688757644e+00,1.681590398496769723e+00,2.789456627895638086e+00,6.028792320133590010e+00,3.243654158918209962e+00,-3.905161398239047621e-01
9.987181762388931405e-01,3.326351698215685104e+00,1.641730413355302153e+04,5.460972748476747802e+04,4.400000000000000000e+01,3.745120000000000000e+05,6.844800000000000000e+04,1.040160690249324116e+00,7.332772241360925314e-01,6.934703573380959218e-01,1.294610985708946282e+00,1.220845326144214260e+00,1.107414805934757052e+00,-1.192572555148855296e-01
1.002051501520493382e+00,3.324512568421948089e+00,1.648937590951023594e+04,5.481913745660087443e+04,3.800000000000000000e+01,3.760260000000000000e+05,6.693400000000000000e+04,1.039763168147275429e+00,7.324315574332022072e-01,6.923028459827385017e-01,1.292917154835997007e+00,1.217403483171573209e+00,1.105332537551626526e+00,-1.191331290225283168e-01
1.174695109295941897e+00,5.847557073957414531e+00,2.721899831311765593e+04,1.591646461319060763e+05,4.200000000000000000e+01,8.189820000000000000e+05,1.135800000000000000e+05,6.187614314427785089e-01,1.788865840009277730e-01,1.509985294530969968e-01,2.902927069522751591e-01,5.756913455096594051e-02,1.227668041452096293e-01,-1.948487559543020040e-02
1.175197397410796984e+00,5.817095439920029420e+00,2.731118089512121514e+04,1.588717458438406466e+05,3.800000000000000000e+01,8.195740000000000000e+05,1.086620000000000000e+05,6.201419140773845040e-01,1.802646501557954029e-01,1.519905387041831091e-01,2.923128451156811747e-01,5.839903395071415620e-02,1.240977335884607680e-01,-1.964307683941272573e-02
1.043601109292773721e+00,3.879893255536743357e+00,1.272015322566212853e+04,4.935283670964043995e+04,2.200000000000000000e+01,3.126840000000000000e+05,4.771200000000000000e+04,1.219309161219056747e+00,1.056122197262919782e+00,1.190839817735674488e+00,2.066669578734995572e+00,3.230673662155054693e+00,2.121147116108413666e+00,-2.725639170187341698e-01
1.043483155399771656e+00,3.863552982913629918e+00,1.279906647878492367e+04,4.944987147261933569e+04,3.100000000000000000e+01,3.139560000000000000e+05,4.857000000000000000e+04,1.215883140621466296e+00,1.049300175228057741e+00,1.178999832482257260e+00,2.048957760462305266e+00,3.173329618235946725e+00,2.096183294640543870e+00,-2.678168064293455775e-01
1.138933645456573274e+00,5.199174358208188629e+00,1.663758276556708734e+04,8.650169369730287872e+04,1.800000000000000000e+01,4.719590000000000000e+05,6.180100000000000000e+04,8.959222377677877880e-01,4.808867067397566974e-01,4.444518991584783807e-01,8.562235857378153181e-01,5.192988373017188852e-01,5.930430513863391706e-01,-9.652581830931178386e-02
1.132971843909626575e+00,5.156751411320651179e+00,1.684459012903615076e+04,8.686336392102506943e+04,3.000000000000000000e+01,4.759040000000000000e+05,6.612700000000000000e+04,8.901451284640179429e-01,4.742336561097128533e-01,4.363463056421851283e-01,8.406711572281140299e-01,5.005489375524831974e-01,5.782453277958946591e-01,-9.324900508314157288e-02
1.101083258830198641e+00,4.776541616810372481e+00,1.308862100872747396e+04,6.251834295484534232e+04,3.700000000000000000e+01,3.584350000000000000e+05,7.188000000000000000e+04,1.103486006205709469e+00,8.148597317714266763e-01,8.616782055228499049e-01,1.557877069490241961e+00,1.791815298732163830e+00,1.404105725542098337e+00,-2.176000891741769472e-01
1.099727142945361003e+00,4.765374031200415139e+00,1.311893065993256459e+04,6.251661148396156932e+04,4.200000000000000000e+01,3.588770000000000000e+05,7.277300000000000000e+04,1.097642323883866844e+00,8.053183608910020608e-01,8.482021827825722005e-01,1.534995242072920263e+00,1.738591040924790665e+00,1.375357374756563056e+00,-2.122613467866092396e-01
9.434500663885648786e-01,2.777161365368884915e+00,1.190747961437748745e+04,3.306899234396674728e+04,1.600000000000000000e+01,2.492430000000000000e+05,6.277500000000000000e+04,1.469804871959484283e+00,1.665187441192467421e+00,2.211113654260254080e+00,3.513502888609843389e+00,9.784482634560504266e+00,4.530800244867848825e+00,-4.084843729603910845e-01
9.427091835772123396e-01,2.781750002021213586e+00,1.186572324702889455e+04,3.300747566640579316e+04,2.500000000000000000e+01,2.485690000000000000e+05,6.487700000000000000e+04,1.457888464797101991e+00,1.642361842516203652e+00,2.178810942370946080e+00,3.443841274033439426e+00,9.425677544622590887e+00,4.410360930263125923e+00,-3.849479595332248039e-01
9.482406197057751118e-01,2.963742522826604109e+00,9.759955464647493500e+03,2.892599503146966163e+04,2.900000000000000000e+01,2.110950000000000000e+05,5.632000000000000000e+04,1.696811077988543914e+00,2.305559514387359066e+00,3.608413746159722990e+00,5.375438069686364173e+00,2.366157628320058137e+01,8.156620880633994375e+00,-7.790792274431215247e-01
9.476237894978133403e-01,2.945458778984645587e+00,9.771826164323432749e+03,2.878251116241830823e+04,2.100000000000000000e+01,2.107000000000000000e+05,5.541200000000000000e+04,1.708443501170639145e+00,2.331130568706593742e+00,3.644463845173117278e+00,5.462207105958087006e+00,2.435738648305492049e+01,8.334256486057054047e+00,-8.072496114204863460e-01
9.709120375611820508e-01,3.150815587856636402e+00,1.607461021930426068e+04,5.064813244770344318e+04,4.000000000000000000e+01,3.583590000000000000e+05,9.096900000000000000e+04,1.079083556544443656e+00,8.086273420065513973e-01,7.923133056161786314e-01,1.440371034978953357e+00,1.533261048997283549e+00,1.293950365350880594e+00,-1.295169719563795674e-01
9.755863495280634456e-01,3.142440662421728703e+00,1.601957033332943683e+04,5.034054920997923182e+04,3.100000000000000000e+01,3.566420000000000000e+05,8.762600000000000000e+04,1.079980530278812800e+00,8.080394498289248384e-01,7.877947908810005728e-01,1.440701415957381659e+00,1.529338403711705707e+00,1.293777400883858508e+00,-1.300223107862409355e-01
9.592797394013842238e-01,3.083233201549577807e+00,2.575120026528237941e+04,7.939695563767092244e+04,4.700000000000000000e+01,5.681360000000000000e+05,1.572640000000000000e+05,7.465394134807586957e-01,3.230623303489852383e-01,2.201450177864051616e-01,4.913502396999249733e-01,1.593728678251364883e-01,2.791010598188741199e-01,-2.673628359534218485e-02
9.625740229930724867e-01,3.117375200985475825e+00,2.534688965381079470e+04,7.901576522890510387e+04,3.300000000000000000e+01,5.623040000000000000e+05,1.562260000000000000e+05,7.557002853908858508e-01,3.327298221525089583e-01,2.295030723279623819e-01,5.089960254333931733e-01,1.716236126967553288e-01,2.934103312463414159e-01,-2.845537381341230881e-02
1.123639681534456702e+00,5.024690025984952513e+00,2.809921619724322227e+04,1.411898513642828621e+05,7.600000000000000000e+01,7.815600000000000000e+05,9.476400000000000000e+04,6.260082734607539390e-01,1.886961606471785902e-01,1.459685345043923721e-01,2.993195789505748161e-01,5.970069663876868132e-02,1.300219381623249626e-01,-1.871420879629125816e-02
1.126699337977224102e+00,5.025315537649621689e+00,2.787447622972932004e+04,1.400780385011037870e+05,5.900000000000000000e+01,7.752200000000000000e+05,9.492400000000000000e+04,6.274402403963602604e-01,1.894307090510477798e-01,1.464516842397854679e-01,3.010816062534625859e-01,6.031081142311024018e-02,1.310416288215643654e-01,-1.896640998084284449e-02
1.052215047491296573e+00,4.069663592251311357e+00,1.288483530397630238e+04,5.243694512874671636e+04,2.600000000000000000e+01,3.259420000000000000e+05,6.877400000000000000e+04,1.183164862549222374e+00,9.782239382770381297e-01,1.071701129757797410e+00,1.892514002184102040e+00,2.683575615020790117e+00,1.869237790719328052e+00,-2.503506393735380753e-01
1.048612130371552320e+00,4.073669420476415226e+00,1.283280174366671417e+04,5.227659204221151595e+04,3.000000000000000000e+01,3.248600000000000000e+05,6.941000000000000000e+04,1.189055296378742188e+00,9.924670799411885458e-01,1.097973872169097032e+00,1.923581384391987115e+00,2.783905448820125361e+00,1.913714864345380295e+00,-2.545101883875244830e-01
1.081434695196494600e+00,4.339674218298730679e+00,2.463568245272779313e+04,1.069108359902972297e+05,4.100000000000000000e+01,6.377720000000000000e+05,8.390800000000000000e+04,7.093007295506857934e-01,2.692966036113627615e-01,2.017304677548653336e-01,4.295813872540354961e-01,1.229454189427274524e-01,2.228321987062717724e-01,-2.960761942131054369e-02
1.082185296308699085e+00,4.352594145426895267e+00,2.455302911238840898e+04,1.068693707670779113e+05,1.300000000000000000e+01,6.364640000000000000e+05,7.777600000000000000e+04,7.085759441222625465e-01,2.688269590135079490e-01,2.025104317422421196e-01,4.288761015991967573e-01,1.228567951414514386e-01,2.222761881689815922e-01,-2.968642991714518647e-02
1.026488634331835348e+00,3.571366901007643868e+00,3.583351106519550376e+04,1.279746153651303757e+05,2.200000000000000000e+01,8.432130000000000000e+05,1.081610000000000000e+05,5.737062754770876349e-01,1.557512193906846476e-01,9.508608526215436840e-02,2.281723870724806646e-01,3.221507936678413841e-02,9.004871967301537883e-02,-9.578134063730611367e-03
1.025877570274255302e+00,3.581391788391879327e+00,3.574230463518503529e+04,1.280071963186526991e+05,3.600000000000000000e+01,8.421810000000000000e+05,1.091930000000000000e+05,5.745690745565568136e-01,1.564698275713436448e-01,9.621794914851281022e-02,2.293884353739862880e-01,3.266475851586805174e-02,9.073731561828356218e-02,-9.715126588155979792e-03
9.315284347135974752e-01,2.808864746520914668e+00,3.367100352715073677e+04,9.457729478739507613e+04,2.400000000000000000e+01,7.090560000000000000e+05,2.018620000000000000e+05,6.301914925661609157e-01,2.097990130279535625e-01,1.212193293519263360e-01,2.993122321151965304e-01,5.584659493101683941e-02,1.370624555871492456e-01,-1.147262776195549089e-02
9.317148208842221946e-01,2.801151849303646912e+00,3.361777148397940618e+04,9.416848276181631081e+04,1.800000000000000000e+01,7.069470000000000000e+05,2.020030000000000000e+05,6.361477176324358274e-01,2.144292088908358873e-01,1.242100294698586377e-01,3.069529177599173986e-01,5.873117957358174601e-02,1.421022897740398250e-01,-1.195588927275767141e-02
8.880267675802532290e-01,2.459482723855297426e+00,3.840179868157193414e+04,9.444856042229529703e+04,2.500000000000000000e+01,7.567550000000000000e+05,2.117850000000000000e+05,5.975107501679925992e-01,1.838853336673464955e-01,9.642758673810888914e-02,2.548967206446516864e-01,3.917686012076582874e-02,1.092875168621418452e-01,-7.882489837590421836e-03
8.914739099572825953e-01,2.500476457946112063e+00,3.941544596620395896e+04,9.855739471794005658e+04,3.800000000000000000e+01,7.831620000000000000e+05,2.156900000000000000e+05,5.798236044121756194e-01,1.695688029170702438e-01,8.705193207804004518e-02,2.336341785620179301e-01,3.259898140847784093e-02,9.619674108111972433e-02,-6.889952337542821353e-03
1.232131007948608303e+00,6.750837191755397093e+00,1.668992522050322441e+04,1.126709679061895731e+05,5.500000000000000000e+01,5.386760000000000000e+05,7.193900000000000000e+04,8.309799818953853556e-01,3.812446978720872570e-01,3.756606939121939770e-01,6.970327175721936497e-01,3.464457790346971988e-01,4.300901441522654856e-01,-8.482499650743878516e-02
1.234456001642464829e+00,6.783961022499783944e+00,1.669646636436537665e+04,1.132681770293333975e+05,3.900000000000000000e+01,5.402710000000000000e+05,6.723200000000000000e+04,8.328257933418539150e-01,3.832751957999867010e-01,3.790845889231950760e-01,7.017950573886704291e-01,3.516208184563578421e-01,4.341806167010546225e-01,-8.597490853793687826e-02
1.237528224017079514e+00,6.820512415567275610e+00,1.682780203462533245e+04,1.147742327038703370e+05,4.700000000000000000e+01,5.460270000000000000e+05,7.441100000000000000e+04,8.265552583364530470e-01,3.750300541840477786e-01,3.702629358837826179e-01,6.862038993024279776e-01,3.356559587908319875e-01,4.199609424148113557e-01,-8.350601097616944246e-02
1.232380898034233230e+00,6.754296615966776329e+00,1.698992969806553447e+04,1.147550246651574707e+05,6.700000000000000000e+01,5.486840000000000000e+05,7.381300000000000000e+04,8.211218543440044204e-01,3.696259977428695831e-01,3.628775814518013232e-01,6.732228642459884282e-01,3.228638219692486766e-01,4.090457305938283161e-01,-8.050877762936589632e-02
