Shape_circ, Shape_eccent, Shape_e1, Shape_e2, Shape_corn, White_box, Black_box, Hu1, Hu2, Hu3, Hu4, Hu5, Hu6, Hu7
1.086861465470905674e+00,4.533225047130420293e+00,4.985413751108944416e+04,2.260000248683548998e+05,5.600000000000000000e+01,1.329349000000000000e+06,2.498350000000000000e+05,4.458756229273879157e-01,7.427276647435104850e-02,5.098450679796729529e-02,1.058589584503576708e-01,7.065195798874031839e-03,2.868516614177720608e-02,-3.250277227102083000e-03
1.088961978844052769e+00,4.564150159718568744e+00,4.969056691940472228e+04,2.267952089417072712e+05,8.400000000000000000e+01,1.329277000000000000e+06,2.471030000000000000e+05,4.496841832364998903e-01,7.654407898709320035e-02,5.308624656616807436e-02,1.091177504587101943e-01,7.569476508849067378e-03,3.002844543094658133e-02,-3.416767017981117271e-03
9.389033304248473044e-01,3.039806787450001213e+00,2.583036167183071666e+04,7.851930873231937585e+04,2.100000000000000000e+01,5.659190000000000000e+05,1.611370000000000000e+05,7.490512577557840723e-01,3.268365436897690546e-01,2.229569676341140172e-01,4.962431977102614300e-01,1.628991980884527402e-01,2.835231789696787130e-01,-2.664538488894037382e-02
9.378301958784662773e-01,3.035817601713672875e+00,2.595705662547197426e+04,7.880088939228633535e+04,3.300000000000000000e+01,5.683220000000000000e+05,1.606780000000000000e+05,7.439393045212224775e-01,3.220825983939351600e-01,2.192332977630427615e-01,4.872944983004734443e-01,1.571754375322755026e-01,2.763811193573195713e-01,-2.576002316911080170e-02
9.897178292849014847e-01,3.147242565376765278e+00,2.169710982119099208e+04,6.828606757490654127e+04,1.200000000000000000e+01,4.814450000000000000e+05,8.380700000000000000e+04,8.518677769437991154e-01,4.503206160205123210e-01,3.472934213457327113e-01,7.224827118151433414e-01,3.586516289734920648e-01,4.844133789554045388e-01,-4.838545658820608830e-02
9.942886813777077615e-01,3.255091943293352053e+00,2.102046531264867372e+04,6.842354728348006029e+04,4.300000000000000000e+01,4.745430000000000000e+05,8.444300000000000000e+04,8.623149972069257263e-01,4.641927305799144476e-01,3.667419384092762136e-01,7.509864859790184033e-01,3.905823369139279633e-01,5.111987907543684706e-01,-5.268785657728647376e-02
9.350148178811115152e-01,2.738885481453841031e+00,1.201231661485859513e+04,3.290035957506296108e+04,3.800000000000000000e+01,2.497390000000000000e+05,6.414600000000000000e+04,1.460263862425488224e+00,1.645399199959578507e+00,2.175607398937569048e+00,3.451508121781354355e+00,9.450210568135545941e+00,4.424376735411920336e+00,-3.860790250728456385e-01
9.392453650664336351e-01,2.748585816096914769e+00,1.196552530393426423e+04,3.288827313254244655e+04,3.900000000000000000e+01,2.491950000000000000e+05,6.496500000000000000e+04,1.460572166588594012e+00,1.647093631953039816e+00,2.181218377393163266e+00,3.455933775413951636e+00,9.480640545706863875e+00,4.432304686874550370e+00,-3.861875764322473259e-01
1.174279908763208757e+00,5.812499775357681031e+00,1.338270974584008945e+04,7.778699739137256984e+04,5.000000000000000000e+01,4.004870000000000000e+05,4.638700000000000000e+04,1.028527233693990350e+00,6.677119165532486855e-01,7.015305133249256642e-01,1.284891724863921336e+00,1.204341125316582106e+00,1.048267509622650140e+00,-1.941921223470047808e-01
1.180716441679483086e+00,5.801512606691519025e+00,1.352297243796523253e+04,7.845369507879724551e+04,3.200000000000000000e+01,4.042240000000000000e+05,4.412600000000000000e+04,1.019548014433053318e+00,6.530207326352036601e-01,6.805411823745235456e-01,1.252029974351834829e+00,1.140522355506113694e+00,1.010171340030039167e+00,-1.867537640079044436e-01
1.080563087170981484e+00,4.420161476600083184e+00,3.251837351119349478e+04,1.437364618758700672e+05,3.400000000000000000e+01,8.563450000000000000e+05,1.634330000000000000e+05,5.786209661722880870e-01,1.557262007371716661e-01,1.081136683001949900e-01,2.355321569390352865e-01,3.573109441943247283e-02,9.294377689163056677e-02,-1.165881718712206971e-02
1.079732194174798598e+00,4.402460703257944807e+00,3.257365141644777032e+04,1.434042203225338017e+05,2.100000000000000000e+01,8.559990000000000000e+05,1.638420000000000000e+05,5.833004277118711833e-01,1.592098549542860231e-01,1.109395350373407613e-01,2.412972571636833874e-01,3.756171584599291707e-02,9.627888168086816412e-02,-1.215521186438116991e-02
1.168559764502530074e+00,5.958736122220691378e+00,2.105598371225300070e+04,1.254670507350924745e+05,3.300000000000000000e+01,6.430790000000000000e+05,1.081450000000000000e+05,7.228277491743865246e-01,2.713490873693423788e-01,2.382326005784357326e-01,4.601765118971267166e-01,1.468740781924541550e-01,2.396559962177387815e-01,-4.053785531128333008e-02
1.189951485195127834e+00,6.166678956856192606e+00,2.147456103674403857e+04,1.324267236530133523e+05,5.500000000000000000e+01,6.660930000000000000e+05,1.017510000000000000e+05,7.137122009610201712e-01,2.596783736785465702e-01,2.325636167939701682e-01,4.434707165650091376e-01,1.367426783457644512e-01,2.259590850799033657e-01,-3.980761968769875453e-02
1.018799919871561377e+00,3.757085602705599658e+00,9.891382986365297256e+03,3.716277260892018239e+04,1.700000000000000000e+01,2.408520000000000000e+05,6.242400000000000000e+04,1.526511141009795125e+00,1.780741152078066714e+00,2.496869598481568975e+00,3.956856324750875231e+00,1.241934757649794996e+01,5.274511205328919594e+00,-6.665378070938237087e-01
1.014702861707761805e+00,3.757137676726404862e+00,9.829307534432191460e+03,3.693006167374591314e+04,1.500000000000000000e+01,2.393520000000000000e+05,6.045300000000000000e+04,1.535259324040375128e+00,1.808390451694257495e+00,2.561155758775678137e+00,4.030528073803511191e+00,1.293208806455821325e+01,5.414289341875366368e+00,-6.758445492401419230e-01
1.026096083414800297e+00,3.807797610546538092e+00,1.540970132134116284e+04,5.867702387063870265e+04,1.600000000000000000e+01,3.777520000000000000e+05,9.638600000000000000e+04,1.046919797930262686e+00,7.378258045370449381e-01,7.186049497845730105e-01,1.326822521150945899e+00,1.288073117118967215e+00,1.138278488962273016e+00,-1.392698804307967442e-01
1.023270760443267813e+00,3.813810888280811273e+00,1.543982880005146581e+04,5.888458719082792959e+04,2.500000000000000000e+01,3.787950000000000000e+05,1.001610000000000000e+05,1.039427971192723232e+00,7.235661165059713573e-01,6.976417196584518976e-01,1.297690186997003448e+00,1.227272953296958402e+00,1.102473975706816711e+00,-1.355158832437181049e-01
9.193609260535754446e-01,2.508501853163326079e+00,3.852597304406569310e+04,9.664247477595914097e+04,2.900000000000000000e+01,7.666020000000000000e+05,1.958080000000000000e+05,5.918593505296091406e-01,1.780655338838341151e-01,9.265282375555861094e-02,2.472912501807243424e-01,3.663838356136816382e-02,1.043375529992899148e-01,-7.666795304603584230e-03
9.154711625908408257e-01,2.481809570201900961e+00,3.855558474011701037e+04,9.568761919275275432e+04,2.700000000000000000e+01,7.631480000000000000e+05,2.033770000000000000e+05,5.962927679655847246e-01,1.836866391494436646e-01,9.741420654791908829e-02,2.540945730140448111e-01,3.920408663965403717e-02,1.088856992919503830e-01,-7.820243109102426038e-03
1.130590283627864956e+00,5.079906321507133171e+00,3.465470407330291346e+04,1.760426502919304476e+05,4.600000000000000000e+01,9.708870000000000000e+05,1.277150000000000000e+05,5.464631267790878155e-01,1.296229257019109737e-01,9.848536259103066182e-02,1.989461063191213797e-01,2.606283605420213478e-02,7.157186870651620347e-02,-9.809272258366925901e-03
1.132329673959057592e+00,5.100294005704269829e+00,3.442809869916783646e+04,1.755934254231606901e+05,7.600000000000000000e+01,9.662660000000000000e+05,1.115080000000000000e+05,5.493970559877404680e-01,1.314471596963648348e-01,1.003258320012512528e-01,2.022022537344399518e-01,2.696695720637764040e-02,7.325621753943414860e-02,-1.010920583547553209e-02
1.126730927120760839e+00,4.991604520532424871e+00,3.523355902319031884e+04,1.758719924946028041e+05,3.500000000000000000e+01,9.784140000000000000e+05,1.214520000000000000e+05,5.392041562603824278e-01,1.249415710661967299e-01,9.337132273308028363e-02,1.907098477216175036e-01,2.377880039235100162e-02,6.735136285003390233e-02,-9.066833334475596362e-03
1.133150571517351102e+00,5.135346896013040841e+00,3.427512782062456245e+04,1.760146712640945625e+05,5.700000000000000000e+01,9.655660000000000000e+05,1.219550000000000000e+05,5.485378503797150307e-01,1.310571731892975211e-01,1.005746995310311254e-01,2.014472618684744476e-01,2.685277330075042448e-02,7.287096095549729091e-02,-1.005583486132546368e-02
1.048532970903851114e+00,4.123874186783145213e+00,3.497934316985351325e+04,1.442504103687882307e+05,5.700000000000000000e+01,8.923660000000000000e+05,2.311340000000000000e+05,5.612662983039973241e-01,1.450149429583489358e-01,9.561139140259274083e-02,2.148402219634965027e-01,2.926225504884761783e-02,8.180973545986001960e-02,-9.582556177582158066e-03
1.043065041798455050e+00,4.045814152514838113e+00,3.558431527660536813e+04,1.439675263536399580e+05,6.300000000000000000e+01,8.991380000000000000e+05,2.378440000000000000e+05,5.554658758363721915e-01,1.421395149592112883e-01,9.280184040139739798e-02,2.088963273298165557e-01,2.766377808782571890e-02,7.875324319803593542e-02,-8.981858015538496387e-03
1.072691110231144496e+00,4.372063667539110021e+00,1.477266719296608062e+04,6.458704150701397157e+04,4.500000000000000000e+01,3.873360000000000000e+05,8.298600000000000000e+04,1.022585784527666908e+00,6.853769907262620142e-01,6.684878950758185168e-01,1.245689494201642322e+00,1.127548275486708107e+00,1.029832758658665304e+00,-1.442730105795069773e-01
1.077245160169280958e+00,4.411705517444667102e+00,1.474701037570920744e+04,6.505946704033006245e+04,3.300000000000000000e+01,3.884040000000000000e+05,7.994600000000000000e+04,1.031496314396756375e+00,7.002766161445980186e-01,6.914144384837324075e-01,1.279199145894322598e+00,1.193500296419276685e+00,1.068958121680516404e+00,-1.511233357618962381e-01
1.043572163577482170e+00,3.796797144113496447e+00,1.151211133853667707e+04,4.370915145287265477e+04,1.600000000000000000e+01,2.790600000000000000e+05,3.536400000000000000e+04,1.348783000250175057e+00,1.337699026833116145e+00,1.662480928152821225e+00,2.768334298708665209e+00,5.924760318528326408e+00,3.197996809925296890e+00,-4.095954659958991328e-01
1.039185435122760515e+00,3.794749119076407773e+00,1.156253548832317756e+04,4.387692135860407870e+04,6.000000000000000000e+00,2.802380000000000000e+05,3.617200000000000000e+04,1.337406224651056963e+00,1.311720302367726187e+00,1.615920740264161104e+00,2.700814741221784221e+00,5.628447803392880644e+00,3.089532095006096934e+00,-3.943920020339182209e-01
1.200455304768045517e+00,6.258200766334986120e+00,2.365789712391042849e+04,1.480558699107305147e+05,4.100000000000000000e+01,7.399410000000000000e+05,1.249990000000000000e+05,6.638106666539196343e-01,2.147906965783689115e-01,1.900021053129910542e-01,3.586787124313602915e-01,8.930333689751830673e-02,1.662315043013826155e-01,-2.814965029390825019e-02
1.198631645455156658e+00,6.261484850144473313e+00,2.353331664162498782e+04,1.473535056251876813e+05,5.000000000000000000e+01,7.361950000000000000e+05,1.287450000000000000e+05,6.697146022246440733e-01,2.205648592083307991e-01,1.967386094825389342e-01,3.691234362667911717e-01,9.499109167968965151e-02,1.733560909120837878e-01,-2.952006302972847579e-02
1.220865343038780360e+00,6.533304111976414141e+00,1.571465881639184954e+04,1.026686450634392822e+05,2.000000000000000000e+01,5.019360000000000000e+05,8.999600000000000000e+04,8.706392421280000349e-01,4.336834803268935778e-01,4.285860534892388940e-01,7.970507928930088415e-01,4.547165980807272856e-01,5.243803135527086434e-01,-1.012469827326880623e-01
1.221235091379506255e+00,6.584385489143274484e+00,1.547858157137349190e+04,1.019169478910721227e+05,2.000000000000000000e+01,4.963740000000000000e+05,8.101400000000000000e+04,8.802460249454457930e-01,4.454578974341094066e-01,4.441393753089812879e-01,8.232436230072490702e-01,4.861423790742160356e-01,5.488941442593222586e-01,-1.070857448100482612e-01
1.212017630143577440e+00,6.419498023483886762e+00,1.990428995895956177e+04,1.277755500503910735e+05,6.100000000000000000e+01,6.305570000000000000e+05,1.103570000000000000e+05,7.405689760194469340e-01,2.856914667326639901e-01,2.632316143978316036e-01,4.960840704948490387e-01,1.727256638525524468e-01,2.650944086579702375e-01,-4.798685752226668211e-02
1.214273978333328952e+00,6.469725013778952594e+00,1.966099966217116162e+04,1.272012613102483010e+05,4.300000000000000000e+01,6.253300000000000000e+05,1.087880000000000000e+05,7.463592623569124118e-01,2.919618890546539225e-01,2.711531869731242939e-01,5.083214156555804220e-01,1.820113158961492728e-01,2.745923803461638446e-01,-4.986615763555245218e-02
1.002005543687722433e+00,3.517834200455011384e+00,5.586189090298619703e+04,1.965128703206115169e+05,5.800000000000000000e+01,1.316201000000000000e+06,3.499510000000000000e+05,4.357181844292974393e-01,7.183288989239677846e-02,4.025239123635691862e-02,9.940167505582356289e-02,5.779050476566251725e-03,2.656901448111100017e-02,-2.477248661460275045e-03
1.001999268670424437e+00,3.521170907444576059e+00,5.531579747661354486e+04,1.947763767967477324e+05,7.100000000000000000e+01,1.303952000000000000e+06,3.262920000000000000e+05,4.378262340960255017e-01,7.234038221714457484e-02,4.058459760309182651e-02,1.006084343250184254e-01,5.900068910388211497e-03,2.698775536168331740e-02,-2.553251397024295256e-03
1.091358334356096194e+00,4.622999857725824668e+00,2.054726456207131559e+04,9.499000114711056813e+04,3.500000000000000000e+01,5.542380000000000000e+05,1.233270000000000000e+05,7.860839020635981278e-01,3.509821958046541734e-01,2.853024066879413234e-01,5.810452756340902525e-01,2.314930405978042616e-01,3.439588533146463734e-01,-4.876885609706010233e-02
1.085213188527656802e+00,4.568097141931372285e+00,2.095248569936689455e+04,9.571299003963587165e+04,7.500000000000000000e+01,5.618330000000000000e+05,1.244470000000000000e+05,7.788010248259988888e-01,3.440978307860876884e-01,2.777289814979507776e-01,5.660417558880728173e-01,2.196195570689632726e-01,3.317842697731422930e-01,-4.622370296404951923e-02
9.234054943707199481e-01,2.674908970396673968e+00,9.933001607358692127e+03,2.656987510248834587e+04,2.700000000000000000e+01,2.041150000000000000e+05,5.783500000000000000e+04,1.747696622778860398e+00,2.459675571127584170e+00,3.915197082307495080e+00,5.817185202807216626e+00,2.775064939509736917e+01,9.118415964643109106e+00,-7.834390735604763734e-01
9.233059782571484408e-01,2.683779877779324252e+00,9.917329696266522660e+03,2.661592988014343064e+04,2.000000000000000000e+01,2.041370000000000000e+05,5.611200000000000000e+04,1.746177672527823965e+00,2.458565533218302512e+00,3.922805656001871366e+00,5.810475237244098423e+00,2.772962974086532384e+01,9.105809859918661431e+00,-7.801428612667944407e-01
9.288721875337664358e-01,2.686130848912397173e+00,1.554524685809750372e+04,4.175656713949421828e+04,3.000000000000000000e+01,3.201090000000000000e+05,8.813100000000000000e+04,1.179445137839415070e+00,1.009740617183049194e+00,1.068053942092129560e+00,1.855855970674280098e+00,2.608209232867478633e+00,1.863472671636325018e+00,-1.555092619572873147e-01
9.262620257382658817e-01,2.687253258737361872e+00,1.556926446301556643e+04,4.183855666438238404e+04,3.700000000000000000e+01,3.206790000000000000e+05,8.756100000000000000e+04,1.174723513466027658e+00,9.960482284515784768e-01,1.041053419383171530e+00,1.828649292269222126e+00,2.518345836108870195e+00,1.823658530922706689e+00,-1.545954875001827045e-01
9.319185751085893310e-01,2.734021130188901694e+00,9.102088587404326972e+03,2.488530252681468119e+04,3.600000000000000000e+01,1.890680000000000000e+05,4.742800000000000000e+04,1.870776463226504038e+00,2.864077071017501197e+00,4.929343102629578866e+00,7.116981785747871214e+00,4.214068254836186611e+01,1.203829773830274519e+01,-1.057646287994398193e+00
9.348557149825041934e-01,2.735862547368600683e+00,9.143484669952144031e+03,2.501531726096101920e+04,2.400000000000000000e+01,1.899970000000000000e+05,5.003300000000000000e+04,1.868692996215948643e+00,2.855514443507587430e+00,4.903488536133571607e+00,7.090668287451169505e+00,4.179707271638927324e+01,1.197582578274519172e+01,-1.051815009106608301e+00
9.306673003044927395e-01,2.756400700740639476e+00,1.031161904023850366e+04,2.842295394828393182e+04,3.600000000000000000e+01,2.150810000000000000e+05,5.731300000000000000e+04,1.664327062901393539e+00,2.209134643323244607e+00,3.359229942425892013e+00,5.058243804711789693e+00,2.084012787758801011e+01,7.513634316118926293e+00,-6.621829977821729329e-01
9.365492743800584163e-01,2.776142198970188879e+00,1.030054518989909047e+04,2.859577817407826296e+04,2.900000000000000000e+01,2.156210000000000000e+05,5.718200000000000000e+04,1.674632811294620272e+00,2.241502235702965251e+00,3.439940259684583168e+00,5.155677725428572167e+00,2.170141806740343782e+01,7.714250961201861934e+00,-6.845827344540129644e-01
9.357974927297276757e-01,2.756472158658268334e+00,1.653577325539805315e+04,4.558039860039073392e+04,2.200000000000000000e+01,3.449270000000000000e+05,9.395300000000000000e+04,1.106549135459793165e+00,8.612684589049711681e-01,8.426242183899625982e-01,1.534979693683819146e+00,1.741223278917797712e+00,1.423385400862382966e+00,-1.250133893074140135e-01
9.337011122517252515e-01,2.755706508532982379e+00,1.664088278207030089e+04,4.585738899028557353e+04,2.000000000000000000e+01,3.470760000000000000e+05,9.766800000000000000e+04,1.099492565038256320e+00,8.556491030876621773e-01,8.447562370485464101e-01,1.516206694784881570e+00,1.711734833918073129e+00,1.401382167145435620e+00,-1.201269669641076288e-01
9.343990840205239623e-01,2.751038324641410071e+00,1.456742342839821504e+04,4.007554014280265255e+04,2.700000000000000000e+01,3.035720000000000000e+05,8.469400000000000000e+04,1.233295500231119224e+00,1.113169835273023933e+00,1.224598622402558235e+00,2.106628773030687185e+00,3.378006318787883711e+00,2.220927999489259452e+00,-1.944638185903084793e-01
9.314491182682762549e-01,2.731406462606149610e+00,1.471237080794408394e+04,4.018546470507652703e+04,2.500000000000000000e+01,3.055020000000000000e+05,8.117600000000000000e+04,1.222560399429642342e+00,1.093835161301397019e+00,1.196941878197895770e+00,2.056787239888862917e+00,3.221878978162291851e+00,2.149484897690400853e+00,-1.845581112676033531e-01
9.324436744606471317e-01,2.733924004144560271e+00,1.470527021936895835e+04,4.020309124016494025e+04,3.700000000000000000e+01,3.054990000000000000e+05,8.276700000000000000e+04,1.224053757985227087e+00,1.098559824492183479e+00,1.207721694660290890e+00,2.066643993797256051e+00,3.259689363654778127e+00,2.164448878516597397e+00,-1.859813521563657979e-01
9.314969053632834450e-01,2.690527577154644856e+00,1.502760532262527340e+04,4.043218653911922593e+04,3.000000000000000000e+01,3.097010000000000000e+05,8.015300000000000000e+04,1.214013467107259991e+00,1.076881067374392487e+00,1.167717135441711296e+00,2.014232130772135143e+00,3.084055475171181282e+00,2.088667179634466908e+00,-1.766087853349549430e-01
1.050388541170085954e+00,4.105972972010609290e+00,5.457325939586200548e+03,2.240763280739334368e+04,1.100000000000000000e+01,1.386870000000000000e+05,3.067500000000000000e+04,2.509608269630184019e+00,5.340940355201762912e+00,1.258772697861229695e+01,1.698496958073915764e+01,2.482913869636777235e+02,3.922586578756536824e+01,-5.567712428073733122e+00
1.048469047783274544e+00,4.068335851500852307e+00,5.244821546903604030e+03,2.133769553399208962e+04,9.000000000000000000e+00,1.326470000000000000e+05,2.781400000000000000e+04,2.615066074652887540e+00,5.844736009304578594e+00,1.439440525083995226e+01,1.917494446303011912e+01,3.184984055376124843e+02,4.632719808112539539e+01,-6.512566802278371370e+00
1.049656159431490599e+00,4.086304991545024023e+00,5.450701846036925417e+03,2.227323016088436270e+04,1.000000000000000000e+01,1.381690000000000000e+05,3.060700000000000000e+04,2.510669125053253126e+00,5.358016980780920591e+00,1.268461117743773769e+01,1.703503363142031901e+01,2.503500500256629095e+02,3.940459042102384046e+01,-5.515985566989684230e+00
1.045638038231570865e+00,4.039318397213017775e+00,5.261721609369989892e+03,2.125376889774149095e+04,1.100000000000000000e+01,1.326040000000000000e+05,2.842400000000000000e+04,2.609007444180852175e+00,5.824078917558111357e+00,1.433836214851895363e+01,1.905843482035650283e+01,3.149876201432742846e+02,4.596453095247760956e+01,-6.310363594993816605e+00
9.948112508756873362e-01,3.515802804197692755e+00,1.424175793842777057e+04,5.007121249662910850e+04,1.800000000000000000e+01,3.355130000000000000e+05,8.936000000000000000e+04,1.136759102628249973e+00,9.036929624424262508e-01,9.380146761536825029e-01,1.677447253237060565e+00,2.096314627756614257e+00,1.592788383689052401e+00,-1.814975203115520852e-01
9.879718940091715140e-01,3.429887962205200314e+00,1.461818246777712920e+04,5.013872807554787869e+04,2.800000000000000000e+01,3.401490000000000000e+05,9.506100000000000000e+04,1.132473314446649226e+00,8.986355687904844514e-01,9.290492512811967529e-01,1.659061874645425760e+00,2.052388842032614402e+00,1.570982027833432548e+00,-1.739118609707299701e-01
9.888108406595484956e-01,3.456363257235615105e+00,1.400269508036351181e+04,4.839840077804235625e+04,1.800000000000000000e+01,3.270830000000000000e+05,8.671900000000000000e+04,1.164270353000376179e+00,9.604528693364143832e-01,1.023950262807693523e+00,1.800479758879075298e+00,2.436823511853195789e+00,1.762540404853292886e+00,-1.958196110812620017e-01
9.945429726559358308e-01,3.502544823589995193e+00,1.396780747837962554e+04,4.892287178030017822e+04,1.700000000000000000e+01,3.284320000000000000e+05,8.719300000000000000e+04,1.164058476293073241e+00,9.548078086536930797e-01,1.011764434370762356e+00,1.794327887917842368e+00,2.409403154846400774e+00,1.751325502962685965e+00,-1.994509317048400732e-01
1.079485510961227357e+00,4.665223182692349368e+00,6.039549499291064421e+03,2.817584633711064089e+04,2.700000000000000000e+01,1.638810000000000000e+05,4.555700000000000000e+04,2.156315178747250982e+00,3.809233896747978854e+00,7.695364826325810981e+00,1.092507122280512988e+01,1.001147939195596166e+02,2.130128317737294807e+01,-3.416690362262194469e+00
1.081348206878464113e+00,4.634518262241146047e+00,6.114052286756443209e+03,2.833568697926997629e+04,1.100000000000000000e+01,1.653590000000000000e+05,4.541300000000000000e+04,2.150224796355479917e+00,3.792315852554196454e+00,7.657636562318749895e+00,1.084439911928518185e+01,9.876639476309699717e+01,2.109715077366843516e+01,-3.328033486364930127e+00
1.044052569795762775e+00,4.013717477141929280e+00,8.900627697102667298e+03,3.572460494539449428e+04,9.000000000000000000e+00,2.236570000000000000e+05,4.828600000000000000e+04,1.636141573854770215e+00,2.081784987405379539e+00,3.166810634090636789e+00,4.867587344928374193e+00,1.908785623605943726e+01,7.015359773343079475e+00,-9.386942102031579083e-01
1.048402344074281123e+00,4.046429211050372565e+00,8.381678977181145456e+03,3.391587065091259865e+04,2.000000000000000000e+01,2.114340000000000000e+05,4.632000000000000000e+04,1.711143686213784765e+00,2.299904502983247223e+00,3.657242983857240226e+00,5.545010160402433108e+00,2.494461506072022772e+01,8.400178037031372114e+00,-1.140703924118023238e+00
1.045622920843019665e+00,4.056898013756211618e+00,8.871446294085904810e+03,3.599055284962201404e+04,1.700000000000000000e+01,2.241040000000000000e+05,5.080700000000000000e+04,1.638313210540824905e+00,2.084711423595392965e+00,3.171965268049366848e+00,4.885211315252472986e+00,1.920661730900333808e+01,7.045579936196551429e+00,-9.569282091849480310e-01
1.054771325966795015e+00,4.043186992805685165e+00,8.496363603512618283e+03,3.435238680786985788e+04,1.700000000000000000e+01,2.142060000000000000e+05,4.462400000000000000e+04,1.693005761921803298e+00,2.244102799042833940e+00,3.527895538164098177e+00,5.373077457985740324e+00,2.336745187989576067e+01,8.040324299300232624e+00,-1.100567495764398274e+00
1.097301655349602667e+00,4.634836910905637097e+00,1.809037195726716891e+04,8.384592367955413647e+04,6.600000000000000000e+01,4.849770000000000000e+05,6.951300000000000000e+04,8.709958689327529369e-01,4.554355553381966293e-01,3.982580215814184310e-01,7.848187844810353697e-01,4.319503414515770134e-01,5.290520265935969579e-01,-7.705520549639148509e-02
1.097829000063918592e+00,4.606828089891212841e+00,1.826634049125293677e+04,8.414989047462129383e+04,4.500000000000000000e+01,4.881240000000000000e+05,6.746400000000000000e+04,8.641432845605645507e-01,4.455663941840425912e-01,3.862426939312349483e-01,7.657568883074463706e-01,4.097009983537054922e-01,5.105992901399567518e-01,-7.469004026037300015e-02
1.111507660805385100e+00,4.790440201315048441e+00,2.309586108096739918e+04,1.106393414062538504e+05,5.600000000000000000e+01,6.289760000000000000e+05,8.682600000000000000e+04,7.213005667300922408e-01,2.782109067012928372e-01,2.203466609969833845e-01,4.535428030231516416e-01,1.391620635503040826e-01,2.391250733077126545e-01,-3.451079152611546963e-02
1.106663398271103604e+00,4.732935336264259440e+00,2.346229579081438715e+04,1.110455288182296208e+05,6.400000000000000000e+01,6.351440000000000000e+05,8.191600000000000000e+04,7.138642740055025637e-01,2.712195764214428428e-01,2.125001185272959170e-01,4.398095525986617238e-01,1.304388645718191631e-01,2.289582921083380129e-01,-3.261622060865695949e-02
1.109882476758466741e+00,4.792441586324013514e+00,2.312197792241773277e+04,1.108107285534604453e+05,4.200000000000000000e+01,6.298970000000000000e+05,8.590500000000000000e+04,7.240551173716713862e-01,2.812152797296745832e-01,2.234119381733322418e-01,4.588775280983429239e-01,1.426643760150480555e-01,2.432367720463029515e-01,-3.512972060140234776e-02
1.106828200003962426e+00,4.726175424023254301e+00,2.353308581378738745e+04,1.112214918245522276e+05,4.500000000000000000e+01,6.367600000000000000e+05,8.258000000000000000e+04,7.139961487413232222e-01,2.709778983191373780e-01,2.120259548454737908e-01,4.396891061824504954e-01,1.301970456623088024e-01,2.287938708929034282e-01,-3.273668225767601553e-02
1.036452406214706468e+00,4.016681962379173854e+00,2.177026662887727434e+04,8.744423728439661500e+04,2.600000000000000000e+01,5.481680000000000000e+05,1.562560000000000000e+05,7.820485025649052124e-01,3.536180978231943106e-01,2.725205251474117629e-01,5.690543708548292390e-01,2.201209697075037219e-01,3.381206447270140858e-01,-4.201053837715014450e-02
1.038045928353710901e+00,4.030097234733394984e+00,2.157046457729171379e+04,8.693106964485799836e+04,3.200000000000000000e+01,5.440540000000000000e+05,1.515010000000000000e+05,7.855583345776440130e-01,3.597462299930796470e-01,2.804758289718775610e-01,5.788035886260447516e-01,2.292670423117499634e-01,3.468718668162244501e-01,-4.269507781812475339e-02
1.096130861084761099e+00,4.599519118474037604e+00,6.146259108391423069e+03,2.826983627614154102e+04,9.000000000000000000e+00,1.642190000000000000e+05,2.374100000000000000e+04,2.161298011569147803e+00,3.829784505210935830e+00,7.769495665802383044e+00,1.101212029401492742e+01,1.018013524009418660e+02,2.152916215291056545e+01,-3.450253686474631820e+00
1.096721427651335068e+00,4.581990756953867816e+00,6.178972588731987344e+03,2.831199528904127874e+04,1.200000000000000000e+01,1.647860000000000000e+05,2.504000000000000000e+04,2.159430961153089079e+00,3.819403731761228382e+00,7.723322893482788665e+00,1.097327399032629813e+01,1.009617523928938141e+02,2.142413362179967606e+01,-3.423607465834876962e+00
1.113123100701381540e+00,4.793915948979527997e+00,2.709177018560483702e+04,1.298756691788590833e+05,3.200000000000000000e+01,7.361840000000000000e+05,7.892400000000000000e+04,6.469165549804920534e-01,2.077474791552013922e-01,1.578946930562765416e-01,3.294828355297350075e-01,7.212341246295657371e-02,1.501678310876322642e-01,-2.111490544084385426e-02
1.115051760130296721e+00,4.797534456479612963e+00,2.707726057024607144e+04,1.299040905728323414e+05,6.800000000000000000e+01,7.358270000000000000e+05,7.928100000000000000e+04,6.474106585641525857e-01,2.078435315893145396e-01,1.579949392345443571e-01,3.299870391387894619e-01,7.229590746660329026e-02,1.504326091787620834e-01,-2.122491274529524075e-02
1.145853805243158163e+00,5.274224649910733476e+00,3.013281988470329088e+04,1.589272614072223951e+05,6.700000000000000000e+01,8.580480000000000000e+05,9.168400000000000000e+04,5.934139267649156668e-01,1.620148613493130607e-01,1.279792283594155256e-01,2.557294580842362497e-01,4.375830823697243743e-02,1.029180479365406076e-01,-1.501817245921096416e-02
1.142451411249246318e+00,5.245110009549300401e+00,3.025460997572733322e+04,1.586887576186975348e+05,4.600000000000000000e+01,8.591350000000000000e+05,9.059700000000000000e+04,5.924436492302463941e-01,1.607909008263762596e-01,1.262570392547031073e-01,2.539023823895373289e-01,4.295969177672121636e-02,1.017953856469048096e-01,-1.486817137579244524e-02
1.035221506970418037e+00,4.048846097486064721e+00,2.281145361168455565e+04,9.236006493365339702e+04,2.500000000000000000e+01,5.766880000000000000e+05,1.650420000000000000e+05,7.543336296645557493e-01,3.219614902351766172e-01,2.428582276303456189e-01,5.127007122268502082e-01,1.772678667605385727e-01,2.907117127813744761e-01,-3.613857025073057005e-02
1.034787840873826470e+00,4.016652930071800576e+00,2.311422256124047271e+04,9.284180977693825844e+04,4.100000000000000000e+01,5.819960000000000000e+05,1.670200000000000000e+05,7.483788864119147455e-01,3.154167592828750477e-01,2.356590164335783111e-01,5.004867084408457512e-01,1.683507472732845012e-01,2.808943511127228176e-01,-3.466279899842970857e-02
1.088924571582912781e+00,4.708458849484916442e+00,3.179938584370477474e+04,1.497260996839771105e+05,5.800000000000000000e+01,8.657930000000000000e+05,1.846970000000000000e+05,5.778759640374185880e-01,1.540952858749615739e-01,1.114091643189497605e-01,2.352273168049589802e-01,3.609813409481815727e-02,9.233205977404448928e-02,-1.212347852522354177e-02
1.090021783264636834e+00,4.724259907368641542e+00,3.169379113935263013e+04,1.497297067921591224e+05,3.100000000000000000e+01,8.644190000000000000e+05,1.867690000000000000e+05,5.803277160113520239e-01,1.559225458276469467e-01,1.130542813221570853e-01,2.382998164589892887e-01,3.710081593628177660e-02,9.409204789758644771e-02,-1.238596661926791298e-02
8.760149484280410626e-01,2.184030490031021454e+00,1.729070880671666237e+04,3.776343522811709408e+04,2.600000000000000000e+01,3.210660000000000000e+05,8.452800000000000000e+04,1.168815876982160606e+00,9.971766300390033644e-01,1.023845439426675608e+00,1.793096683912243972e+00,2.426904154665969315e+00,1.789694478794643162e+00,-1.129854002156656101e-01
8.684364532782612445e-01,2.086582225039212535e+00,1.799635085369326407e+04,3.755086580688562390e+04,3.400000000000000000e+01,3.266300000000000000e+05,9.032000000000000000e+04,1.164815222625984692e+00,9.894877142510409840e-01,1.007708273562187173e+00,1.771273626826222136e+00,2.364001056730524741e+00,1.761185184680460258e+00,-1.074596041300370786e-01
1.101930918371525570e+00,4.794622104869014301e+00,1.438550604504268267e+04,6.897306527328847733e+04,4.400000000000000000e+01,3.937400000000000000e+05,6.655000000000000000e+04,1.026344938546393637e+00,6.828415720342958517e-01,6.817300054273274235e-01,1.264164576067437817e+00,1.162491749631691107e+00,1.043093264060052094e+00,-1.609228391614793696e-01
1.108451495820991672e+00,4.858271699912359409e+00,1.426370736279070115e+04,6.929696581647761923e+04,2.800000000000000000e+01,3.927660000000000000e+05,6.405400000000000000e+04,1.031634682332265074e+00,6.911463811454504613e-01,6.974675701552353058e-01,1.285591683640143756e+00,1.205790618467036168e+00,1.067192228737976700e+00,-1.673849633828579653e-01
1.064522828420431111e+00,4.314666120849361519e+00,3.396239077024147264e+04,1.465363768394079525e+05,4.100000000000000000e+01,8.861540000000000000e+05,2.267800000000000000e+05,5.636645858120599151e-01,1.456788285778613246e-01,9.877379648270702417e-02,2.176926473233763981e-01,3.028510586389375481e-02,8.308358935651026511e-02,-1.009007694929303645e-02
1.062845260955360693e+00,4.300056033381491893e+00,3.441153187797997089e+04,1.479715152698073070e+05,3.800000000000000000e+01,8.963390000000000000e+05,2.323590000000000000e+05,5.606508301533782435e-01,1.425427928785457932e-01,9.605733825939787029e-02,2.134644340920521799e-01,2.892721158731362610e-02,8.058630801924705767e-02,-9.877303866034701021e-03
1.146624369340060623e+00,5.349498494954985972e+00,3.044937761057366151e+04,1.628888997000798408e+05,2.600000000000000000e+01,8.731550000000000000e+05,9.126300000000000000e+04,5.886013412018427093e-01,1.576675188746822220e-01,1.253626899014133877e-01,2.492064765170769469e-01,4.156772403686154194e-02,9.892993267640440291e-02,-1.457131838644888308e-02
1.146355947798559871e+00,5.300435143373287694e+00,3.071397767990472494e+04,1.627974466873497586e+05,3.100000000000000000e+01,8.768100000000000000e+05,9.820600000000000000e+04,5.862226000264914028e-01,1.561329716601377593e-01,1.234932589055877244e-01,2.461673225729160697e-01,4.049312010473027357e-02,9.724561161001189780e-02,-1.423015750138909193e-02
1.120371423832251745e+00,5.035357835711887553e+00,2.211320151115539193e+04,1.113478825018722564e+05,2.000000000000000000e+01,6.210560000000000000e+05,1.141030000000000000e+05,7.302103159538204658e-01,2.863875392581238244e-01,2.328406424151537868e-01,4.711253707921558842e-01,1.514351811491287392e-01,2.520107213605352614e-01,-3.762531979889136707e-02
1.125959035491401083e+00,5.010744401076128618e+00,2.234909452390143997e+04,1.119856002547602984e+05,2.600000000000000000e+01,6.259410000000000000e+05,1.134420000000000000e+05,7.254761391329590525e-01,2.825232731949749443e-01,2.294511912462992020e-01,4.630231986990417381e-01,1.464637042756798957e-01,2.460060766448732839e-01,-3.640728936375679098e-02
1.130052052983105737e+00,5.152255097287199881e+00,2.953964515016494261e+04,1.521957872969924356e+05,5.800000000000000000e+01,8.396240000000000000e+05,1.580440000000000000e+05,5.971258696941936783e-01,1.665096743258528966e-01,1.285625045783379827e-01,2.603088834879433988e-01,4.517998509520015221e-02,1.062142857119102723e-01,-1.504813795310760115e-02
1.126521996627375399e+00,5.103581749979918314e+00,2.985758820183431089e+04,1.523806422452973202e+05,4.500000000000000000e+01,8.446960000000000000e+05,1.589640000000000000e+05,5.967842132996392657e-01,1.663786486607001791e-01,1.277494678398164163e-01,2.596708265049085251e-01,4.487915194858717316e-02,1.059125720888100669e-01,-1.492209995094323852e-02
1.113236410856132563e+00,4.798340420869188883e+00,3.390199365169747034e+04,1.626733064869906229e+05,2.700000000000000000e+01,9.238480000000000000e+05,1.182480000000000000e+05,5.605741016216456707e-01,1.401412852138078924e-01,1.025309348054211644e-01,2.145100338976655974e-01,2.995978657602193021e-02,8.027824236943398306e-02,-1.069819422687659505e-02
1.116857133277816105e+00,4.799022139895122052e+00,3.421897465020969685e+04,1.642176169508662715e+05,5.100000000000000000e+01,9.321580000000000000e+05,1.143620000000000000e+05,5.548448633967421051e-01,1.360642507903075393e-01,9.946424272714429748e-02,2.079288257583100374e-01,2.810911120876004657e-02,7.666819662478255304e-02,-1.019947613373559103e-02
1.075732814726479081e+00,4.248015349056485590e+00,2.280378384322511556e+04,9.687082378258659446e+04,3.400000000000000000e+01,5.841150000000000000e+05,6.967500000000000000e+04,7.507286539983126783e-01,3.138982012915438324e-01,2.413028870906629986e-01,5.071377553028756369e-01,1.733908710120517782e-01,2.839511871998591230e-01,-3.753353026521226432e-02
1.076045361109298160e+00,4.238500235885427792e+00,2.289281061677212710e+04,9.703118319926908589e+04,1.400000000000000000e+01,5.856090000000000000e+05,6.762600000000000000e+04,7.526776305535894940e-01,3.161349131484435526e-01,2.433304647915649488e-01,5.109627719668214940e-01,1.761427426379240102e-01,2.871086556486446839e-01,-3.788022250185040657e-02
1.102772906485074200e+00,4.687243331337476171e+00,2.434762058788022841e+04,1.141232222344766342e+05,2.600000000000000000e+01,6.559620000000000000e+05,9.016200000000000000e+04,6.955409426926876248e-01,2.533505537052447854e-01,1.952661203937999801e-01,4.071351092233840285e-01,1.111241753073621552e-01,2.048672744913290211e-01,-2.879595615326860716e-02
1.108135795110492872e+00,4.708928385510436243e+00,2.413798771999716701e+04,1.136640555437970033e+05,3.000000000000000000e+01,6.514890000000000000e+05,8.233500000000000000e+04,7.015568943078431818e-01,2.583861950857999079e-01,1.995648025745308807e-01,4.170461477719275001e-01,1.165101915149296813e-01,2.119228581191705540e-01,-3.001609186979188604e-02
1.107489708785211580e+00,4.786427529765223454e+00,2.775261014356167288e+04,1.328358572139851749e+05,3.400000000000000000e+01,7.584900000000000000e+05,1.215020000000000000e+05,6.346635569958689604e-01,1.974087486384632495e-01,1.478044411853681461e-01,3.104770293488338662e-01,6.369401931202031686e-02,1.379430878902496438e-01,-1.914869424212241322e-02
1.106844514205354679e+00,4.774185999101926647e+00,2.787368800756760174e+04,1.330741710290645133e+05,2.400000000000000000e+01,7.608020000000000000e+05,1.226020000000000000e+05,6.305411013294308642e-01,1.945742493676800300e-01,1.455729877543491257e-01,3.050016300595937424e-01,6.153915413292473935e-02,1.345350797932971521e-01,-1.852799295894663398e-02
1.099894036167417877e+00,4.708233345558332950e+00,3.766587810724705923e+04,1.773397432942761807e+05,5.500000000000000000e+01,1.020682000000000000e+06,1.701050000000000000e+05,5.245010869035179324e-01,1.169447022551807908e-01,8.348262685322432874e-02,1.752723891816959367e-01,1.978517761567341257e-02,5.988206859715201197e-02,-7.619312267854510753e-03
1.102743602546122581e+00,4.727486038445373850e+00,3.756866039850897505e+04,1.776053175170467875e+05,5.700000000000000000e+01,1.020214000000000000e+06,1.640100000000000000e+05,5.250608671284722195e-01,1.173407289294707417e-01,8.412205319637391931e-02,1.759383170423468867e-01,1.997729558421699678e-02,6.021080462411891598e-02,-7.683763854929333628e-03
1.125878977376804757e+00,5.055148631261916492e+00,1.177364658088624856e+04,5.951753339832866186e+04,1.300000000000000000e+01,3.303770000000000000e+05,5.062000000000000000e+04,1.184288771743074342e+00,9.578484292510809350e-01,1.087839586383206658e+00,1.917202522124781705e+00,2.751119270139124495e+00,1.873260578222494921e+00,-3.119985446905002568e-01
1.122050064111647538e+00,5.053240540393586500e+00,1.183822754393747891e+04,5.982141135142886196e+04,3.700000000000000000e+01,3.321180000000000000e+05,5.134500000000000000e+04,1.178197017434096550e+00,9.476577236849734742e-01,1.073508669341987964e+00,1.890711006806065519e+00,2.676507508306841476e+00,1.837516852687619551e+00,-3.033741706193580079e-01
1.110310883392212844e+00,4.767770560532831325e+00,2.312887082525968435e+04,1.102731494190398080e+05,5.600000000000000000e+01,6.283800000000000000e+05,8.559600000000000000e+04,7.205247401255405748e-01,2.773541058287418704e-01,2.188422657016714235e-01,4.517673143290570348e-01,1.378617777252042487e-01,2.378221470056653408e-01,-3.423469361399671118e-02
1.110823890336733566e+00,4.754747686093995007e+00,2.325867464853842102e+04,1.105891294667511102e+05,4.900000000000000000e+01,6.310630000000000000e+05,8.599700000000000000e+04,7.181552002359748998e-01,2.748177188325324760e-01,2.161706492901011301e-01,4.472022477161308740e-01,1.348889238482713637e-01,2.343430831267347414e-01,-3.374014060196619397e-02
1.108137739110957476e+00,4.756578241172490173e+00,2.354633520925542689e+04,1.119999857156980725e+05,1.800000000000000000e+01,6.390030000000000000e+05,8.432700000000000000e+04,7.126455235464241866e-01,2.699388417381064498e-01,2.119240276779405241e-01,4.377287062156206554e-01,1.293138399867085342e-01,2.273396122260304686e-01,-3.243986001694361410e-02
1.108516284384710060e+00,4.737127020839742464e+00,2.366545610513412976e+04,1.121062715761277359e+05,3.700000000000000000e+01,6.409280000000000000e+05,8.297200000000000000e+04,7.129938589408453264e-01,2.701148736064101774e-01,2.116578234114763757e-01,4.380882020998850823e-01,1.293774234217931474e-01,2.275998841512123227e-01,-3.251681177784880583e-02
1.041022912977027870e+00,3.834034083208659016e+00,8.344888299160262250e+03,3.199458615954958441e+04,1.500000000000000000e+01,2.033470000000000000e+05,2.785100000000000000e+04,1.769812236321983256e+00,2.481892816263759016e+00,4.066221231573953432e+00,6.106641306902671040e+00,3.040361310791652727e+01,9.611014414774933456e+00,-1.262190695456093081e+00
1.042329020893506097e+00,3.840138900044516745e+00,8.362051970475356939e+03,3.211144105601631964e+04,2.000000000000000000e+01,2.038400000000000000e+05,2.872200000000000000e+04,1.762934777976886025e+00,2.462714647010934232e+00,4.028238121628098689e+00,6.043439535421983422e+00,2.979263288264560927e+01,9.474685735889124771e+00,-1.238535679847151627e+00
9.838838698513947545e-01,3.392637752102572790e+00,2.589422479001799366e+04,8.784972458404536883e+04,2.400000000000000000e+01,5.992700000000000000e+05,1.639540000000000000e+05,7.198475901557235268e-01,2.907345232896000886e-01,1.982157904999662934e-01,4.434910278539778150e-01,1.290833297669560786e-01,2.389921373663820292e-01,-2.504805775551015648e-02
9.833843920875527944e-01,3.367051663260066441e+00,2.602462625706764811e+04,8.762626112458122952e+04,2.100000000000000000e+01,6.000150000000000000e+05,1.650350000000000000e+05,7.210778197119098731e-01,2.922500720615520131e-01,1.991778263786731507e-01,4.454441494401609747e-01,1.302948275382911358e-01,2.406711990128849177e-01,-2.505272844560925069e-02
1.052749895201601671e+00,4.154170580856610506e+00,3.152241924905993801e+04,1.309495066818729247e+05,3.600000000000000000e+01,8.067950000000000000e+05,1.950240000000000000e+05,5.980645422837718161e-01,1.719213756555572903e-01,1.157829733684243301e-01,2.590364500810112269e-01,4.293918648975204866e-02,1.074042010822768012e-01,-1.298794196836870751e-02
1.049154428527700800e+00,4.124109457621893071e+00,3.197976425296126399e+04,1.318880482081560767e+05,3.500000000000000000e+01,8.155180000000000000e+05,1.940980000000000000e+05,5.934070573887098021e-01,1.690342134977715627e-01,1.133968403097609240e-01,2.535020755366961809e-01,4.114405066908126407e-02,1.042236189344975111e-01,-1.242986205554629658e-02
1.036777697170563783e+00,3.847084933861323108e+00,1.305526500068850874e+04,5.022471329171579418e+04,3.200000000000000000e+01,3.194220000000000000e+05,4.780200000000000000e+04,1.201752861783024429e+00,1.020995644231237121e+00,1.133964714522311512e+00,1.980566530633490974e+00,2.957179932508722686e+00,1.998708981637782989e+00,-2.548005786068590073e-01
1.042836143209117772e+00,3.819918183015587054e+00,1.320435339220682363e+04,5.043954961785439082e+04,2.000000000000000000e+01,3.219400000000000000e+05,4.914100000000000000e+04,1.192951339992254223e+00,1.004677251644582103e+00,1.108195206427383672e+00,1.938994201601014433e+00,2.831761645205655764e+00,1.941075268391507347e+00,-2.447576250584029278e-01
1.127081796430428495e+00,5.111140913819136600e+00,1.523685621733598236e+04,7.787771921040542657e+04,6.000000000000000000e+01,4.300560000000000000e+05,7.475400000000000000e+04,9.581009528130841613e-01,5.716555977665376265e-01,5.504607626727221481e-01,1.039483408056271374e+00,7.760235203429316497e-01,7.848349280086345248e-01,-1.267231094766902155e-01
1.130519103535023717e+00,5.138463127017962151e+00,1.523432157109725813e+04,7.828099965821760998e+04,3.400000000000000000e+01,4.311840000000000000e+05,7.256100000000000000e+04,9.613982036507048301e-01,5.760773616619426774e-01,5.567866161468764119e-01,1.050093841373543446e+00,7.924692935401936866e-01,7.958969268282451992e-01,-1.292878817959909887e-01
1.129465630708948565e+00,5.115069558484140799e+00,1.529775192871622130e+04,7.824906520381839073e+04,2.800000000000000000e+01,4.319350000000000000e+05,7.228300000000000000e+04,9.582070235917647949e-01,5.704341540311752556e-01,5.479113369631549713e-01,1.038269519794327689e+00,7.727001629816606654e-01,7.830846172041319164e-01,-1.272350437678350654e-01
1.129107920050099301e+00,5.134087200983539212e+00,1.532347805710398825e+04,7.867207256752969988e+04,2.500000000000000000e+01,4.334690000000000000e+05,7.122200000000000000e+04,9.573274036444361368e-01,5.694654522583832978e-01,5.477809511164933864e-01,1.036332210139793597e+00,7.704561063132858711e-01,7.809580378956582081e-01,-1.268075298415877461e-01
1.128399616053832322e+00,5.105169343455900233e+00,1.160338031261503056e+04,5.923722145242199622e+04,3.000000000000000000e+01,3.272040000000000000e+05,5.122600000000000000e+04,1.192725587401479492e+00,9.723293543515124648e-01,1.111144608391898547e+00,1.956662321484498035e+00,2.866771045537815255e+00,1.926179671728425635e+00,-3.245896963114157652e-01
1.126707697204216041e+00,5.068084713054854085e+00,1.175009512547101622e+04,5.955047748234001483e+04,2.600000000000000000e+01,3.301340000000000000e+05,5.127400000000000000e+04,1.186607896760817571e+00,9.625086743559849722e-01,1.095948288514223545e+00,1.928879997112431521e+00,2.786778375301046218e+00,1.889237015681202170e+00,-3.146305843031064198e-01
1.128378912803049472e+00,5.086985799820800125e+00,1.871016799222148256e+04,9.517835888869233895e+04,2.700000000000000000e+01,5.267620000000000000e+05,8.815400000000000000e+04,8.241829357279182311e-01,3.914440449777099595e-01,3.412254381373618362e-01,6.715427981529524804e-01,3.147797725210089714e-01,4.197663924030561322e-01,-6.520946582518680201e-02
1.129432257525306182e+00,5.107938013930849230e+00,1.873643353573333297e+04,9.570454110266108182e+04,4.000000000000000000e+01,5.285840000000000000e+05,8.633200000000000000e+04,8.195858446862447355e-01,3.852630204133538072e-01,3.350171324758839386e-01,6.605569485303175448e-01,3.040755060167546486e-01,4.096361933606639250e-01,-6.401726533165125188e-02
1.130762906785555133e+00,5.119858938187786812e+00,2.453484201129352732e+04,1.256149301685463870e+05,3.400000000000000000e+01,6.929860000000000000e+05,1.135610000000000000e+05,6.815177974596373645e-01,2.375728613695525515e-01,1.896653492283480458e-01,3.851328260625025424e-01,1.002743398601910058e-01,1.876883515435256722e-01,-2.792533735622422866e-02
1.129252434880094746e+00,5.123346631736512613e+00,2.427903051633201540e+04,1.243898892176776426e+05,2.700000000000000000e+01,6.859750000000000000e+05,1.105790000000000000e+05,6.828189612014334831e-01,2.379811706922770054e-01,1.897738942682824226e-01,3.865734714951984952e-01,1.008219063734465681e-01,1.885524059405313257e-01,-2.824931706478963495e-02
1.130331623010077058e+00,5.104453135195333502e+00,2.467777390751749044e+04,1.259665403918692464e+05,4.300000000000000000e+01,6.959040000000000000e+05,1.139440000000000000e+05,6.756586142650233828e-01,2.321102370895401501e-01,1.844263406841860353e-01,3.752619592640101254e-01,9.501771061125378892e-02,1.807681728895063622e-01,-2.678877424114672889e-02
1.129527842829856521e+00,5.111255559385479152e+00,2.439596569951009587e+04,1.246940153081984463e+05,4.000000000000000000e+01,6.884480000000000000e+05,1.098880000000000000e+05,6.797558597149464532e-01,2.355634852766488596e-01,1.874853484035468310e-01,3.817914492848752950e-01,9.834751878682622406e-02,1.852732468269153165e-01,-2.759796539486586431e-02
1.146996345596024591e+00,5.328096328336060061e+00,3.211011931779680890e+04,1.710858088395859522e+05,4.600000000000000000e+01,9.207600000000000000e+05,1.175340000000000000e+05,5.695319007033154968e-01,1.438645373683295203e-01,1.132507080022026325e-01,2.252076311210300941e-01,3.377666983996219924e-02,8.537765546617823165e-02,-1.235748607532331962e-02
1.150085324360935690e+00,5.369714530247271966e+00,3.181741607472722535e+04,1.708504414113858948e+05,2.800000000000000000e+01,9.157680000000000000e+05,1.122720000000000000e+05,5.695221886381570675e-01,1.438865555365081705e-01,1.139633829264604520e-01,2.254275839005284721e-01,3.392972096322437181e-02,8.546578485424825844e-02,-1.242187465236377006e-02
1.034152294484085965e+00,3.945639345215853133e+00,3.040262369973699970e+04,1.199577882674742868e+05,5.400000000000000000e+01,7.586910000000000000e+05,1.989390000000000000e+05,6.188538771927689641e-01,1.902863222240865348e-01,1.263720773371698469e-01,2.861922763101368838e-01,5.243399875461338122e-02,1.248312388804827394e-01,-1.459271100473418306e-02
1.033552245984747930e+00,3.941539573478244574e+00,3.026137946966846357e+04,1.192764247277403483e+05,5.400000000000000000e+01,7.547860000000000000e+05,2.014740000000000000e+05,6.230556869801111564e-01,1.945114385305483085e-01,1.300049665977335844e-01,2.925415273844103048e-01,5.503627299818982660e-02,1.290070681352967485e-01,-1.502648469056374475e-02
9.555108755553853861e-01,2.782123037248659614e+00,5.541815974279365037e+04,1.541801389023524534e+05,4.400000000000000000e+01,1.159946000000000000e+06,2.522440000000000000e+05,4.559421570148539660e-01,8.255762633858355903e-02,3.836319458637410529e-02,1.132392713206286927e-01,7.004643131249542985e-03,3.251749994484146034e-02,-2.577108097202671089e-03
9.514806890304733367e-01,2.769842829225433345e+00,5.547075359127018601e+04,1.536452690665106929e+05,3.700000000000000000e+01,1.158625000000000000e+06,2.535650000000000000e+05,4.596712512190260225e-01,8.507487034150462701e-02,3.979538954891737035e-02,1.163873095994711060e-01,7.456358952146207968e-03,3.393041452032605904e-02,-2.672723851064263880e-03
9.470527065000972078e-01,2.737055158166699531e+00,4.198650153944049089e+04,1.149193706118996779e+05,5.700000000000000000e+01,8.717610000000000000e+05,1.977370000000000000e+05,5.464690339622930715e-01,1.416698481192082415e-01,7.270258165878309975e-02,1.962302733616891337e-01,2.268142567778453841e-02,7.385829446646219321e-02,-5.907734210436980764e-03
9.497371677020568503e-01,2.728746791120459925e+00,4.200977328473780653e+04,1.146340340464263136e+05,4.800000000000000000e+01,8.709170000000000000e+05,1.972590000000000000e+05,5.488950178772807886e-01,1.429595211312738590e-01,7.320528258791869636e-02,1.984224517563056844e-01,2.314216216372145390e-02,7.502238784550215034e-02,-6.027721763605696677e-03
1.007595306877138830e+00,3.657227640674915570e+00,1.750957841224914591e+04,6.403651414584237500e+04,2.700000000000000000e+01,4.207030000000000000e+05,1.173710000000000000e+05,9.519008805023385644e-01,5.854714934405003124e-01,5.156591693673976406e-01,1.002847737346838963e+00,7.155343303943109134e-01,7.664679982617342846e-01,-8.993183145541802648e-02
1.005915005003332752e+00,3.627634562274094865e+00,1.762554979750470375e+04,6.393905362451123801e+04,4.300000000000000000e+01,4.217710000000000000e+05,1.163030000000000000e+05,9.519878185850008112e-01,5.872053228628220101e-01,5.183323203615392005e-01,1.003972465464316288e+00,7.187473134781590112e-01,7.684757862580726684e-01,-8.908626464699312408e-02
9.896970188261232648e-01,3.445894108549407697e+00,3.215351931808139489e+04,1.107976227873062307e+05,2.800000000000000000e+01,7.499390000000000000e+05,2.111550000000000000e+05,6.181966790504708209e-01,1.951917245271454493e-01,1.222081681399166536e-01,2.854975722272080074e-01,5.176400719705918918e-02,1.261144838645767430e-01,-1.281962729742319035e-02
9.871867278690636960e-01,3.454583741877391034e+00,3.219476921202233643e+04,1.112195262933471531e+05,5.600000000000000000e+01,7.518460000000000000e+05,2.127540000000000000e+05,6.181560534323429223e-01,1.938289001748788598e-01,1.207049711934999742e-01,2.844055096499281676e-01,5.109192825193915183e-02,1.251939063678081387e-01,-1.289884359300048564e-02
1.036444772169258677e+00,4.052464222511669156e+00,3.384512984461433371e+04,1.371561778015615128e+05,4.600000000000000000e+01,8.560060000000000000e+05,2.450900000000000000e+05,5.739457983436068167e-01,1.549030650491440009e-01,1.018060621521495873e-01,2.297082022851188454e-01,3.352464053230291841e-02,9.040768232012008632e-02,-1.049115573386643838e-02
1.035255357820212607e+00,4.020479417122178489e+00,3.412114477854029974e+04,1.371833602707671525e+05,6.400000000000000000e+01,8.595580000000000000e+05,2.460020000000000000e+05,5.727091002081936555e-01,1.546729139003901188e-01,1.014776387896615534e-01,2.286268290602603559e-01,3.325950448771967938e-02,8.991523394852717066e-02,-1.031994792990199861e-02
1.079334958991046367e+00,4.431488184864966762e+00,2.988438549707834318e+04,1.324323012422526372e+05,4.500000000000000000e+01,7.888510000000000000e+05,1.678070000000000000e+05,6.118752562031727349e-01,1.818798743957897313e-01,1.286789001195297877e-01,2.783166042706369248e-01,5.044834282095420064e-02,1.186928975866539115e-01,-1.513542791379154928e-02
1.076519649083270691e+00,4.411319098325355625e+00,3.003028865298285382e+04,1.324731858631264768e+05,4.600000000000000000e+01,7.909140000000000000e+05,1.713880000000000000e+05,6.079970549304831717e-01,1.788659308562863537e-01,1.260336733629545680e-01,2.731699875123895782e-01,4.851419172318283124e-02,1.155293173194452544e-01,-1.467991895679670103e-02
1.077475367856885136e+00,4.402311967107832125e+00,1.426176449455298280e+04,6.278473650644417648e+04,2.800000000000000000e+01,3.752240000000000000e+05,8.067600000000000000e+04,1.057750554547599808e+00,7.428149657505734860e-01,7.464333606865936055e-01,1.373657306018169599e+00,1.380699142521876199e+00,1.182215710692704258e+00,-1.686002876891783409e-01
1.074875517887853515e+00,4.410970425350767776e+00,1.424440813855676242e+04,6.283166302579965850e+04,4.600000000000000000e+01,3.751310000000000000e+05,8.173900000000000000e+04,1.054681778834142714e+00,7.363491937318931146e-01,7.366137601679768609e-01,1.361039532730512036e+00,1.352462666974324268e+00,1.166243504860861924e+00,-1.673809759712146517e-01
1.080088946744345746e+00,4.330563764194656606e+00,3.841969551703950856e+04,1.663789412374832027e+05,2.300000000000000000e+01,9.934270000000000000e+05,1.205180000000000000e+05,5.283466815433299768e-01,1.204621360640964478e-01,8.154390966541166796e-02,1.791450285214548077e-01,2.030880839400167268e-02,6.214285910129422469e-02,-7.508126086110476771e-03
1.077717589908609774e+00,4.285808064699196507e+00,3.891311799165133561e+04,1.667741549112107023e+05,2.800000000000000000e+01,1.001043000000000000e+06,1.268070000000000000e+05,5.283328636376111165e-01,1.206898267464239505e-01,8.127829912250135458e-02,1.791937945660547482e-01,2.029553105488601447e-02,6.222025981927013089e-02,-7.467644830344317454e-03
1.059184737339769589e+00,4.032250565994762503e+00,3.304961185486378963e+04,1.332643161076817196e+05,2.800000000000000000e+01,8.251320000000000000e+05,1.007640000000000000e+05,5.899599844919096725e-01,1.653394671778804226e-01,1.097022502414773670e-01,2.487850234472077093e-01,3.929725022137979529e-02,1.011607581196932726e-01,-1.203968358933443089e-02
1.056826097939710607e+00,4.009309920125305737e+00,3.325166966793955362e+04,1.333162490603997721e+05,3.400000000000000000e+01,8.279720000000000000e+05,1.013630000000000000e+05,5.865230347014379619e-01,1.629292467252537457e-01,1.077128813498417215e-01,2.445851618351851386e-01,3.793880443085027865e-02,9.872555716127930092e-02,-1.168988735495812836e-02
1.052215479052353908e+00,3.935241436255438430e+00,4.905903020360946539e+04,1.930591284797510598e+05,2.200000000000000000e+01,1.210661000000000000e+06,1.570690000000000000e+05,4.648785905126637807e-01,8.452302931309067791e-02,5.241924778248625849e-02,1.209449126433999600e-01,8.873915772849641503e-03,3.508169105656037262e-02,-3.740419481391163946e-03
1.052150364956427886e+00,3.920511175468132770e+00,4.936551765425325721e+04,1.935380636462692928e+05,2.800000000000000000e+01,1.216189000000000000e+06,1.573440000000000000e+05,4.619244133982976508e-01,8.281845803876825007e-02,5.126949735328208135e-02,1.184770599980214945e-01,8.492259308488443389e-03,3.401125074967806250e-02,-3.625572847351396163e-03
1.095892552003958409e+00,4.587850102986335443e+00,2.044339981754732435e+04,9.379125395832532377e+04,2.300000000000000000e+01,5.439660000000000000e+05,6.335000000000000000e+04,8.000102366263555087e-01,3.661691398518724938e-01,3.017303813480982089e-01,6.124079839915042012e-01,2.578500768374704100e-01,3.702734745815520201e-01,-5.305344976914621452e-02
1.095919166820942703e+00,4.586703036150244550e+00,2.040546650735178264e+04,9.359381518333253916e+04,2.300000000000000000e+01,5.427610000000000000e+05,6.403100000000000000e+04,7.998398952791642147e-01,3.663728966012793076e-01,3.021740945933288902e-01,6.124903763646984967e-01,2.581273373220712708e-01,3.704248813453033251e-01,-5.292954049882931528e-02
1.118849295420408563e+00,4.816057720398244868e+00,3.353453105375060113e+04,1.615042371813502687e+05,2.300000000000000000e+01,9.130870000000000000e+05,9.977900000000000000e+04,5.647500879457941769e-01,1.428241925402184975e-01,1.051337353617959047e-01,2.194983070015950055e-01,3.142594458734414981e-02,8.293023492697745858e-02,-1.114598218521499658e-02
1.118095816117617769e+00,4.820094380074658957e+00,3.345477362544655625e+04,1.612551663386848813e+05,2.200000000000000000e+01,9.111540000000000000e+05,1.001980000000000000e+05,5.634489223592551443e-01,1.418857493286454774e-01,1.045665700040454976e-01,2.180685242073901187e-01,3.101685345826417015e-02,8.211752704570417227e-02,-1.105941338525202010e-02
1.110305462035142021e+00,4.999806500653796171e+00,2.126465482115163468e+04,1.063191594089530408e+05,4.500000000000000000e+01,5.973670000000000000e+05,1.629170000000000000e+05,7.496184703652880588e-01,3.061235698499515379e-01,2.494378990292277221e-01,5.067828276342916105e-01,1.751979225210225366e-01,2.802356344199549709e-01,-4.209082570252700717e-02
1.108070330604357112e+00,4.948099788266624444e+00,2.158201720852575090e+04,1.067899747798729077e+05,5.100000000000000000e+01,6.031420000000000000e+05,1.718660000000000000e+05,7.414506097154656139e-01,3.000298340074801784e-01,2.435750234830743877e-01,4.924719744083604356e-01,1.659439826604412194e-01,2.696056168144745913e-01,-3.943152170665950584e-02
1.108620200297846914e+00,4.949449924579066185e+00,3.580693497650889913e+04,1.772246316188895144e+05,4.700000000000000000e+01,1.000820000000000000e+06,2.773520000000000000e+05,5.316571846402812218e-01,1.209726212241262061e-01,8.909769660195045182e-02,1.825983597350551435e-01,2.173954463596400322e-02,6.345152425395023110e-02,-8.356968667948164869e-03
1.109506664556074496e+00,4.939880392582092661e+00,3.596667735072964570e+04,1.776710842311958259e+05,4.600000000000000000e+01,1.004310000000000000e+06,2.738620000000000000e+05,5.304099153051357041e-01,1.205991983152866209e-01,8.879260052203785669e-02,1.816109891340686733e-01,2.153831265115236857e-02,6.301062680883418032e-02,-8.244283650571664068e-03
1.091826096571668403e+00,4.644588658813146864e+00,3.670353176848942530e+04,1.704728073903140321e+05,4.100000000000000000e+01,9.929440000000000000e+05,2.331140000000000000e+05,5.302669318564486867e-01,1.213392131626001014e-01,8.546958462807779933e-02,1.812190987514845086e-01,2.111683841926018448e-02,6.308419694773109709e-02,-7.920501188664766032e-03
1.088100266207513434e+00,4.616802927527018596e+00,3.693863276948791463e+04,1.705383879090172704e+05,3.600000000000000000e+01,9.963440000000000000e+05,2.304760000000000000e+05,5.294293273480463746e-01,1.210454303621722044e-01,8.506010778105735359e-02,1.804926839010353723e-01,2.094412974538943650e-02,6.275555549227256058e-02,-7.842102420337681429e-03
1.075499132923147805e+00,4.273955396350006097e+00,4.934380889275399386e+04,2.108932382936493668e+05,1.400000000000000000e+01,1.267567000000000000e+06,1.532990000000000000e+05,4.590490481713653814e-01,8.075872311316159569e-02,5.348295461422507280e-02,1.161736871608189808e-01,8.380764153545496378e-03,3.289203407113200361e-02,-3.690484310743598340e-03
1.076292193099339656e+00,4.287196090138827742e+00,4.923178081487593590e+04,2.110662982201078848e+05,1.900000000000000000e+01,1.266633000000000000e+06,1.533130000000000000e+05,4.560507546444614313e-01,7.900420856524971447e-02,5.248011817852641508e-02,1.137017604135228122e-01,8.017128207982825508e-03,3.182926003305938667e-02,-3.587287006355974542e-03
1.008807580490587830e+00,3.653598624137449402e+00,4.088371904956514481e+04,1.493726996691132372e+05,3.600000000000000000e+01,9.818360000000000000e+05,2.605240000000000000e+05,5.185302277414418626e-01,1.171680633454567216e-01,6.941164148386558264e-02,1.683552777692606806e-01,1.717641717188793729e-02,5.761549937171991931e-02,-6.015614588540061161e-03
1.006002209174145179e+00,3.639211681583110369e+00,4.103225688393544988e+04,1.493250685737369058e+05,3.200000000000000000e+01,9.834580000000000000e+05,2.589020000000000000e+05,5.173957730052745063e-01,1.165622348258795460e-01,6.886049147664095871e-02,1.672891552924098413e-01,1.694563349194184998e-02,5.710218266907370749e-02,-5.935445054176916556e-03
9.351261348438505427e-01,2.770692177806248768e+00,2.625060765866142901e+04,7.273235330251402047e+04,1.600000000000000000e+01,5.490190000000000000e+05,1.445310000000000000e+05,7.600424644821528464e-01,3.428935867220822553e-01,2.313371912424206644e-01,5.163240186434978618e-01,1.766114194985141661e-01,3.021632495176772015e-01,-2.552046334321733667e-02
9.338913178602973320e-01,2.770818906503957013e+00,2.609845620426519599e+04,7.231409588134349906e+04,2.900000000000000000e+01,5.458560000000000000e+05,1.476940000000000000e+05,7.672245782062392383e-01,3.497967892409291624e-01,2.365796054736976906e-01,5.293602922220246310e-01,1.854127743380457882e-01,3.128911943969946985e-01,-2.675786170685144627e-02
9.815352025764225719e-01,3.201519734408778461e+00,3.908687776799304993e+04,1.251374105306535057e+05,3.300000000000000000e+01,8.780920000000000000e+05,2.049780000000000000e+05,5.496105275237326282e-01,1.417314445641320308e-01,7.966643741078920093e-02,2.006835768566178624e-01,2.437970528129429146e-02,7.555179346327567380e-02,-7.036960058558532245e-03
9.758850525131432807e-01,3.149370618542008948e+00,3.980397683074571250e+04,1.253574751318774070e+05,4.300000000000000000e+01,8.869370000000000000e+05,2.135470000000000000e+05,5.435711203168893668e-01,1.370787865811334827e-01,7.579728121226445015e-02,1.937379945666418413e-01,2.251978430264658243e-02,7.172981458806081123e-02,-6.636650087560471908e-03
9.809262782312240248e-01,3.187429963178968872e+00,4.727523437850909249e+04,1.506864985743683646e+05,3.100000000000000000e+01,1.059571000000000000e+06,2.426730000000000000e+05,4.885133188850734332e-01,1.009702789929811523e-01,5.365271950482543295e-02,1.407306138141948271e-01,1.154328937579740359e-02,4.470385880168655651e-02,-4.036397906590604399e-03
9.829364603467253270e-01,3.183110889839194435e+00,4.755205403181920701e+04,1.513634610229054815e+05,3.400000000000000000e+01,1.065025000000000000e+06,2.436950000000000000e+05,4.883118604520585437e-01,1.004437921675890855e-01,5.326540507775544969e-02,1.403262813287541044e-01,1.143688487033074110e-02,4.445856578422539146e-02,-4.047497315894261864e-03
1.107590258298829733e+00,4.732516049605173691e+00,1.167578270791640534e+04,5.525582905691694032e+04,1.300000000000000000e+01,3.153400000000000000e+05,3.670400000000000000e+04,1.225467413872808553e+00,1.045234724967406770e+00,1.213020083508117741e+00,2.113068071944620208e+00,3.365732977140865501e+00,2.156934305858680734e+00,-3.415377731270461403e-01
1.105476536913439833e+00,4.699281040524514452e+00,1.171570022211340984e+04,5.505536793024638609e+04,8.000000000000000000e+00,3.153400000000000000e+05,3.719600000000000000e+04,1.229396210929277977e+00,1.055688879526206048e+00,1.230647628785947578e+00,2.134505006462668053e+00,3.442453286213998709e+00,2.189709340354286216e+00,-3.429527143669250933e-01
1.100351110564375956e+00,4.677741423353366734e+00,1.174160662238320947e+04,5.492419967424214701e+04,1.500000000000000000e+01,3.152970000000000000e+05,3.772900000000000000e+04,1.223784160507986885e+00,1.043673426733380927e+00,1.208240040872694099e+00,2.104522976390307054e+00,3.339104320228685197e+00,2.146628165209179873e+00,-3.351850787733059445e-01
1.104613119622696704e+00,4.709453470563601307e+00,1.159191165140818339e+04,5.459156855719091254e+04,1.000000000000000000e+01,3.122780000000000000e+05,3.601800000000000000e+04,1.235930643952168229e+00,1.066921375504478409e+00,1.246689154166001900e+00,2.165177633264100621e+00,3.539790223091197952e+00,2.232951684347717070e+00,-3.524260973219770499e-01
1.105889857187679182e+00,4.723194645142861248e+00,1.165976076820173330e+04,5.507131962401724013e+04,1.400000000000000000e+01,3.146200000000000000e+05,3.702800000000000000e+04,1.228146173442557831e+00,1.049853673173833046e+00,1.218016812664533877e+00,2.124577929448657088e+00,3.400376507441155383e+00,2.173469591478552676e+00,-3.438087064064441201e-01
1.104650455159315037e+00,4.697591408222151266e+00,1.163833517614728044e+04,5.467214332947909861e+04,1.300000000000000000e+01,3.131680000000000000e+05,3.561700000000000000e+04,1.233435853935504145e+00,1.062749040116050203e+00,1.240474898234581014e+00,2.153177325519935792e+00,3.501658770027721079e+00,2.216243145757657462e+00,-3.484661388614458399e-01
9.323366393592561474e-01,2.426898344815127562e+00,3.177587622727063717e+04,7.711682142101347563e+04,3.900000000000000000e+01,6.194590000000000000e+05,1.103470000000000000e+05,6.897193595350930018e-01,2.694842071308388154e-01,1.604859250169625717e-01,3.877189621916354856e-01,9.562181844528358510e-02,2.011972462650323257e-01,-1.450061122792095647e-02
9.310426493589466501e-01,2.411143656931319157e+00,3.218295878578834527e+04,7.759773693763563642e+04,3.100000000000000000e+01,6.253960000000000000e+05,1.125280000000000000e+05,6.901608235771075073e-01,2.703382500981855729e-01,1.611242248170754177e-01,3.885831385743384048e-01,9.615468041551704370e-02,2.019656526574866162e-01,-1.442963151901020119e-02
1.002546247428277582e+00,3.300593414766648248e+00,4.037182719368438120e+04,1.332509869775717671e+05,2.700000000000000000e+01,9.165000000000000000e+05,1.504220000000000000e+05,5.384780421506175641e-01,1.322363510893230509e-01,7.477849214209529582e-02,1.885741095401733958e-01,2.139143292147968264e-02,6.857258281336546524e-02,-6.622018595101249877e-03
1.004359229358122052e+00,3.305738127827106076e+00,4.058402445916616125e+04,1.341601570353334246e+05,4.500000000000000000e+01,9.218590000000000000e+05,1.458240000000000000e+05,5.337885715712051837e-01,1.287931156373408048e-01,7.277682414760418272e-02,1.836622302082955849e-01,2.024606102295745114e-02,6.591011115715009194e-02,-6.400655050996600925e-03
9.843978148640923909e-01,3.329568862198022394e+00,2.676343328751144145e+04,8.911069411961214792e+04,2.600000000000000000e+01,6.135680000000000000e+05,1.616920000000000000e+05,7.128779290337403651e-01,2.832345229114339724e-01,1.898768885703052411e-01,4.299476467863801998e-01,1.205527010068239008e-01,2.286947109006796652e-01,-2.362360353108292066e-02
9.822345555827077801e-01,3.317035184003052528e+00,2.679519733822490525e+04,8.888061233319695748e+04,2.500000000000000000e+01,6.131350000000000000e+05,1.608110000000000000e+05,7.076745313862488063e-01,2.783084296138526037e-01,1.854612693161376558e-01,4.211057382738396249e-01,1.154624054610863121e-01,2.220382068655507579e-01,-2.275296271399247783e-02
1.052755973133657985e+00,3.923068857601250681e+00,2.843260802566976054e+04,1.115430790858884284e+05,1.800000000000000000e+01,7.004090000000000000e+05,8.575100000000000000e+04,6.551348556046454608e-01,2.213781714697631298e-01,1.518146720603355815e-01,3.391561582450939860e-01,7.457878442460093293e-02,1.595403943738686048e-01,-1.898976714397263704e-02
1.050943542260598162e+00,3.916113194530683295e+00,2.849331050480813428e+04,1.115830292237388639e+05,2.400000000000000000e+01,7.011560000000000000e+05,9.386400000000000000e+04,6.560362467594937907e-01,2.213651535592873199e-01,1.515560627804307114e-01,3.398342321384060227e-01,7.469500316889882141e-02,1.598557702900103572e-01,-1.920175879374827824e-02
9.366519193363673779e-01,2.788453441617600781e+00,1.610031462427016231e+04,4.489497772517232079e+04,2.500000000000000000e+01,3.378020000000000000e+05,8.942600000000000000e+04,1.125699750095712659e+00,9.025454557047986048e-01,9.117691171140133166e-01,1.622041355126794482e+00,1.968039711416195825e+00,1.539724854696400635e+00,-1.338060127739567617e-01
9.372420343672627219e-01,2.782518103328893044e+00,1.612361261774308878e+04,4.486424399993231054e+04,1.700000000000000000e+01,3.379280000000000000e+05,8.930000000000000000e+04,1.130574888661939115e+00,9.112530568411356668e-01,9.233349438360892725e-01,1.641721064040493783e+00,2.016672744209315304e+00,1.565909102802337083e+00,-1.365485772958167088e-01
9.320338971576871412e-01,2.722396256862071429e+00,1.480559045984166733e+04,4.030668404850574734e+04,3.200000000000000000e+01,3.069270000000000000e+05,8.213300000000000000e+04,1.225366800884851948e+00,1.102352357432692553e+00,1.214237153923760637e+00,2.073830987373960877e+00,3.285670652119196955e+00,2.175734689830274515e+00,-1.850598679816608527e-01
9.320576831006397445e-01,2.722342661765821070e+00,1.477419784423373494e+04,4.022042908472612180e+04,3.300000000000000000e+01,3.062720000000000000e+05,8.278800000000000000e+04,1.221181698501949242e+00,1.088928950801075324e+00,1.185586933922513797e+00,2.046758639164437454e+00,3.183023954756173612e+00,2.134213177251242932e+00,-1.842963692440171553e-01
1.035744019373239677e+00,3.736519359714653543e+00,1.241699213794754905e+04,4.639633151286566135e+04,1.900000000000000000e+01,2.987800000000000000e+05,4.235600000000000000e+04,1.266532513543354277e+00,1.156585950385423445e+00,1.346527807769579255e+00,2.303589309886673764e+00,4.045326480750881970e+00,2.474390566409801373e+00,-3.088019540465032353e-01
1.032054937139164075e+00,3.730745197896723653e+00,1.250876962852607539e+04,4.666703222322004149e+04,1.200000000000000000e+01,3.007610000000000000e+05,4.243900000000000000e+04,1.263743809574624066e+00,1.152595751502219379e+00,1.342780751716569743e+00,2.291231543033440232e+00,4.007360851670494384e+00,2.456880972958507492e+00,-3.041852367197592777e-01
1.034948207457552893e+00,3.720147067347825853e+00,1.993345685294622672e+04,7.415539105359232053e+04,1.900000000000000000e+01,4.786440000000000000e+05,6.162600000000000000e+04,8.635803284841450100e-01,4.576260987103101807e-01,3.735231021412159236e-01,7.580977189864537280e-01,3.987638566617314195e-01,5.123267340108458301e-01,-6.104841660543876281e-02
1.036955206049302802e+00,3.725889399366589139e+00,1.997654178142751334e+04,7.443038525942452543e+04,3.300000000000000000e+01,4.800180000000000000e+05,6.025200000000000000e+04,8.623869151435855640e-01,4.556773044134679318e-01,3.716683809102918068e-01,7.548965167417787114e-01,3.951816803621848173e-01,5.090798528610588347e-01,-6.099327432912783620e-02
1.032353572808959008e+00,3.679738393377903982e+00,2.005453024387406185e+04,7.379542489954172925e+04,3.100000000000000000e+01,4.790780000000000000e+05,6.273800000000000000e+04,8.611744378823638080e-01,4.548529250605071739e-01,3.688647053548437249e-01,7.514089957284404431e-01,3.910675805526489524e-01,5.062683274390999966e-01,-5.966268557088375002e-02
1.033243690255052361e+00,3.670234052454458329e+00,2.011732311377159203e+04,7.383528433639365539e+04,3.100000000000000000e+01,4.798180000000000000e+05,6.096400000000000000e+04,8.610362521051649898e-01,4.548632746515156033e-01,3.690448573301554624e-01,7.511706397171831195e-01,3.909850992209710774e-01,5.061177711205744334e-01,-5.959547976636730970e-02
1.044605157570458021e+00,4.158073554068471900e+00,2.497308394852267520e+04,1.038399199298839812e+05,2.600000000000000000e+01,6.397860000000000000e+05,1.838940000000000000e+05,7.004544578714682057e-01,2.639560405407009869e-01,1.918079238729449021e-01,4.130000261707334475e-01,1.131699487535496457e-01,2.120931420130890976e-01,-2.654192701309066732e-02
1.044016070279752961e+00,4.146511522593147703e+00,2.502169551383677754e+04,1.037527487629414682e+05,2.400000000000000000e+01,6.401470000000000000e+05,1.835330000000000000e+05,6.994715866495511136e-01,2.639100074152673225e-01,1.924327300797447904e-01,4.121298274689811914e-01,1.130296439388241564e-01,2.116289387574862568e-01,-2.635750217711468196e-02
9.488689982479512341e-01,2.949320492604316613e+00,2.180064733984127815e+04,6.429709595143365732e+04,3.800000000000000000e+01,4.702700000000000000e+05,1.163160000000000000e+05,8.630543268853774208e-01,4.695530855160708339e-01,3.616293077129072997e-01,7.482123518479251167e-01,3.863932080133001268e-01,5.122894366577727121e-01,-4.662981700341112257e-02
9.416048658201591204e-01,2.884538198529921882e+00,2.194954654002594907e+04,6.331430543511512951e+04,3.000000000000000000e+01,4.683110000000000000e+05,1.191010000000000000e+05,8.665553984435290236e-01,4.732141981305649781e-01,3.629018181444676472e-01,7.551211299668534327e-01,3.923844939003270360e-01,5.190441264849655623e-01,-4.786690069823124061e-02
1.045154503366991339e+00,3.865869676318550496e+00,3.483888025827662204e+04,1.346825707473645743e+05,4.100000000000000000e+01,8.549850000000000000e+05,1.292190000000000000e+05,5.724616251855227933e-01,1.540454163088577633e-01,9.857997869754801801e-02,2.275816919149595829e-01,3.257742307074958099e-02,8.932256970014142150e-02,-1.003478667201934682e-02
1.045065948978640247e+00,3.866481712375097857e+00,3.494656537643223419e+04,1.351202559382960026e+05,5.600000000000000000e+01,8.576110000000000000e+05,1.322010000000000000e+05,5.799061839050535516e-01,1.594693427151493426e-01,1.029434572594265657e-01,2.364420861077227987e-01,3.529520192231663106e-02,9.441985942266663268e-02,-1.072297924557195740e-02
9.799984099993551689e-01,3.263016058691651011e+00,7.533793841043065186e+03,2.458289028619577948e+04,1.000000000000000000e+01,1.709620000000000000e+05,4.348400000000000000e+04,2.055458221119447870e+00,3.492882174712033549e+00,6.653592045409991940e+00,9.406085312047524738e+00,7.438686470899628489e+01,1.756819209754389277e+01,-1.923870250027597706e+00
9.813013219457766834e-01,3.258079156488211670e+00,7.550392151182171801e+03,2.459977529107882583e+04,1.200000000000000000e+01,1.712060000000000000e+05,4.262200000000000000e+04,2.050689867152850177e+00,3.479243588887119820e+00,6.625212654479579300e+00,9.350749733187498691e+00,7.357427518770620622e+01,1.743070030746889998e+01,-1.892131907206874075e+00
1.049544162872555475e+00,4.066727906810641002e+00,1.716032255949876708e+04,6.978636264258585288e+04,4.900000000000000000e+01,4.341850000000000000e+05,1.019240000000000000e+05,9.381832479727478802e-01,5.595161477378222115e-01,4.998210522740189621e-01,9.675707397773443130e-01,6.663526612679293581e-01,7.228662823818363670e-01,-9.342685302586556384e-02
1.046067537086939225e+00,4.018607478468721794e+00,1.749265014256136783e+04,7.029609468113406911e+04,3.300000000000000000e+01,4.400080000000000000e+05,9.869600000000000000e+04,9.228080247296956973e-01,5.368176279134494466e-01,4.704872681538301848e-01,9.206550353625757577e-01,5.997457452584976645e-01,6.737466113345651486e-01,-8.631879046937998567e-02
1.045654386928579926e+00,4.068232187074949380e+00,2.552993615851891809e+04,1.038617080140552571e+05,4.300000000000000000e+01,6.462210000000000000e+05,1.507170000000000000e+05,6.950934884953743342e-01,2.571333798909121171e-01,1.829094218764079627e-01,4.017594799669365058e-01,1.058897687059411757e-01,2.036423259933139718e-01,-2.546991552486450178e-02
1.044656468689226791e+00,4.045985072227606949e+00,2.581949467120566987e+04,1.044652900121583807e+05,5.000000000000000000e+01,6.517310000000000000e+05,1.458410000000000000e+05,6.916491674773027620e-01,2.562462366424390625e-01,1.831429124250582019e-01,3.979003462430669158e-01,1.045537600890991264e-01,2.013390050022897670e-01,-2.461802603637885944e-02
1.045954561295318053e+00,4.039953510851135299e+00,2.596800509745607269e+04,1.049095333632678376e+05,4.100000000000000000e+01,6.549340000000000000e+05,1.432720000000000000e+05,6.866928746584506360e-01,2.512179170249571603e-01,1.785547253325190098e-01,3.894147296083041443e-01,9.987835761895363929e-02,1.951071039055946588e-01,-2.384089617911458459e-02
1.047923578194167371e+00,4.026014597751734314e+00,2.612450881846896664e+04,1.051776538622499793e+05,3.400000000000000000e+01,6.577200000000000000e+05,1.423800000000000000e+05,6.865745018767002161e-01,2.516942476215186519e-01,1.790771742929743449e-01,3.896070111486228393e-01,1.001344767860841978e-01,1.953882479947434692e-01,-2.374206275145786249e-02
1.095959604562988465e+00,4.582392523474042356e+00,1.814492619037189434e+04,8.314717411374850781e+04,4.400000000000000000e+01,4.836950000000000000e+05,7.138700000000000000e+04,8.674523496862815986e-01,4.507984597939676541e-01,3.912818240973241490e-01,7.747045337372713281e-01,4.198213877430143626e-01,5.195762456566563881e-01,-7.534813422579333952e-02
1.093825077367740484e+00,4.594065017009468122e+00,1.808482401658417803e+04,8.308285735336202197e+04,3.700000000000000000e+01,4.827630000000000000e+05,7.122200000000000000e+04,8.747967870569438587e-01,4.611997662600466064e-01,4.043392116642775536e-01,7.948695406650276851e-01,4.437718699761039054e-01,5.392076162751141544e-01,-7.829914403446834592e-02
1.048036532016578981e+00,4.018979141906140029e+00,2.160869918937665352e+04,8.684491132582888531e+04,3.600000000000000000e+01,5.433270000000000000e+05,1.179150000000000000e+05,7.900138734300574672e-01,3.626066774943637050e-01,2.816131124692388132e-01,5.861554179358539063e-01,2.340512519939133007e-01,3.526717816883753187e-01,-4.397879922105477069e-02
1.044112417154205330e+00,3.961971299630106635e+00,2.184684831052990194e+04,8.655658599369195872e+04,3.400000000000000000e+01,5.453690000000000000e+05,1.198570000000000000e+05,7.814708067788276313e-01,3.538840818286153045e-01,2.721310320863374876e-01,5.684622634774245675e-01,2.196946106145196143e-01,3.378949695734578818e-01,-4.152422219928498387e-02
1.046623082032047458e+00,4.029069622257086536e+00,2.108045019887323724e+04,8.493460151978350768e+04,6.400000000000000000e+01,5.307200000000000000e+05,1.133800000000000000e+05,8.022473715950194650e-01,3.771504459695282918e-01,2.965356122822528917e-01,6.133524108313660461e-01,2.572699166587171238e-01,3.763437569628904633e-01,-4.728608502369967270e-02
1.046805587306789187e+00,4.010650227545862201e+00,2.123663516063653515e+04,8.517271563931537094e+04,5.300000000000000000e+01,5.334430000000000000e+05,1.106570000000000000e+05,7.995347670229542292e-01,3.739528027462678539e-01,2.928651525506145714e-01,6.070669438224758352e-01,2.517150013328625091e-01,3.709101970100852075e-01,-4.647683350061019431e-02
1.078493410736871549e+00,4.293582176486197888e+00,3.861470394346892135e+04,1.657954046019694651e+05,4.000000000000000000e+01,9.965230000000000000e+05,1.336030000000000000e+05,5.267900294126052207e-01,1.198706279914683731e-01,8.049107237952946026e-02,1.776550921853153331e-01,1.993083614054190836e-02,6.147668169723873727e-02,-7.353756420037205893e-03
1.074397116978711875e+00,4.268731695298497719e+00,3.878258105586282909e+04,1.655524329786447342e+05,5.000000000000000000e+01,9.981460000000000000e+05,1.327940000000000000e+05,5.264027802160813341e-01,1.194882104835357367e-01,7.991574941362507289e-02,1.770393522904858130e-01,1.974994560935845050e-02,6.116534987821476560e-02,-7.306623139612557563e-03
1.120406003045214538e+00,4.941189635680484749e+00,2.876886360206120298e+04,1.421524106608103612e+05,2.400000000000000000e+01,7.932820000000000000e+05,8.446000000000000000e+04,6.160190859182138601e-01,1.806720382603208552e-01,1.374736465799302476e-01,2.849081579276738774e-01,5.371022056930702809e-02,1.211014617456154102e-01,-1.716191187093357023e-02
1.123166931904738153e+00,4.948576989203512966e+00,2.888159959349595010e+04,1.429228191597636032e+05,2.200000000000000000e+01,7.970250000000000000e+05,8.337500000000000000e+04,6.176915559793201282e-01,1.817807583025275175e-01,1.386695824855670167e-01,2.871518256086162957e-01,5.457562579276144937e-02,1.224291392692933994e-01,-1.745971910943600047e-02
1.061852075149668506e+00,4.329320159434692172e+00,2.679204730525365449e+04,1.159913505111625564e+05,4.300000000000000000e+01,7.003530000000000000e+05,1.886670000000000000e+05,6.617875164663027387e-01,2.266572012037979256e-01,1.641435550317499603e-01,3.512642573951960667e-01,8.161314579630823962e-02,1.671953918946304518e-01,-2.129527304619241446e-02
1.064501430310674124e+00,4.325389838635069317e+00,2.686008641203306615e+04,1.161803448314677225e+05,5.500000000000000000e+01,7.018130000000000000e+05,1.939000000000000000e+05,6.625711966991222335e-01,2.279567894246517790e-01,1.653487585780590574e-01,3.529557906053597538e-01,8.255412240072337871e-02,1.684797487778336156e-01,-2.133721148176596569e-02
1.061980427534415128e+00,4.342538065011504855e+00,4.304262260466680164e+04,1.869142270786902227e+05,7.000000000000000000e+01,1.126910000000000000e+06,3.120410000000000000e+05,4.891936753078609534e-01,9.720946652107062547e-02,6.455615599982882091e-02,1.413264617500725739e-01,1.250180015764553419e-02,4.399081892964670087e-02,-5.092156782618083646e-03
1.058719239276292967e+00,4.326913320286435827e+00,4.318576541720450041e+04,1.868610636304674845e+05,5.900000000000000000e+01,1.128633000000000000e+06,3.086360000000000000e+05,4.871237669723261776e-01,9.733185610207972793e-02,6.485293374142563072e-02,1.404846886432345732e-01,1.245415425002080641e-02,4.375820910107292017e-02,-4.970431271868367210e-03
1.049707079864364179e+00,4.043016986795254120e+00,3.510497304844806786e+04,1.419300023558651155e+05,5.800000000000000000e+01,8.851400000000000000e+05,1.821200000000000000e+05,5.614180867155282861e-01,1.449688253731269971e-01,9.430975744640250624e-02,2.146040364343741458e-01,2.902325039855188638e-02,8.170735206376429638e-02,-9.474578160504966082e-03
1.048741424928336885e+00,4.019752754554859031e+00,3.515853762345145515e+04,1.413286284579896310e+05,4.100000000000000000e+01,8.838820000000000000e+05,1.804460000000000000e+05,5.618922795378261670e-01,1.452944116190783841e-01,9.426274802945810993e-02,2.150541944529313354e-01,2.911021962664255003e-02,8.197088419257603231e-02,-9.493274148756876071e-03
1.087775089799771555e+00,4.448472171682275267e+00,8.747823812935916067e+03,3.891445079462495050e+04,4.100000000000000000e+01,2.291910000000000000e+05,2.892500000000000000e+04,1.601328743578661840e+00,1.961140671953723214e+00,2.932123879250697840e+00,4.589387235549581945e+00,1.680722991699240509e+01,6.418642947875452087e+00,-9.733547664160102642e-01
1.086917616994835356e+00,4.435687426274367517e+00,8.796477634361210221e+03,3.901842523823971715e+04,2.900000000000000000e+01,2.301500000000000000e+05,2.796600000000000000e+04,1.592689870685056297e+00,1.933853254004117561e+00,2.864991724857955724e+00,4.510581968992969593e+00,1.618667657024337814e+01,6.264363842432667973e+00,-9.539287751929341752e-01
1.023197824380475351e+00,3.706379007708048956e+00,2.358972019450509833e+04,8.743244372662033129e+04,3.600000000000000000e+01,5.699110000000000000e+05,1.246890000000000000e+05,7.578955338121642349e-01,3.300748471706524967e-01,2.427711382621169922e-01,5.184927696891563631e-01,1.807892934906523974e-01,2.976729069715686182e-01,-3.398274957751051817e-02
1.020946600070289367e+00,3.701666438798123515e+00,2.362089293462481874e+04,8.743666663054440869e+04,3.700000000000000000e+01,5.703240000000000000e+05,1.248800000000000000e+05,7.552604219279648312e-01,3.269559582256431063e-01,2.397336940167881236e-01,5.131400805628012485e-01,1.768224346407515080e-01,2.932078575938371068e-01,-3.355237028319521531e-02
1.022302966794464529e+00,3.683216012601120415e+00,3.152746816562325694e+04,1.161224755843956518e+05,2.500000000000000000e+01,7.591970000000000000e+05,1.649550000000000000e+05,6.170450238459513903e-01,1.899654570821945054e-01,1.213544431655479844e-01,2.826954331239420748e-01,5.055560668075956277e-02,1.231994094363465519e-01,-1.363014803864225077e-02
1.020201618185965442e+00,3.675340787622444427e+00,3.139943307029041171e+04,1.154036170714594045e+05,3.600000000000000000e+01,7.554110000000000000e+05,1.673450000000000000e+05,6.193217431224004033e-01,1.931367035348471595e-01,1.242319720707437403e-01,2.866970998224530609e-01,5.232654487956874684e-02,1.259801270606898949e-01,-1.376501624374604910e-02
1.021662528938697356e+00,3.638760980317975680e+00,3.896377913730707951e+04,1.417798791705605981e+05,7.200000000000000000e+01,9.324700000000000000e+05,2.073000000000000000e+05,5.388559549625565603e-01,1.309163048729054535e-01,7.844010609479577789e-02,1.891349470932180421e-01,2.188910741940651786e-02,6.842947762955223223e-02,-7.181392053052069666e-03
1.020933371681563839e+00,3.635070188883354980e+00,3.889604188673349563e+04,1.413898423280232237e+05,7.400000000000000000e+01,9.304410000000000000e+05,2.078640000000000000e+05,5.385127199248085361e-01,1.306237256809887615e-01,7.829672847617842601e-02,1.887678637289451899e-01,2.179760109429197332e-02,6.822013727932668692e-02,-7.177848658219351981e-03
1.050002078591294907e+00,4.280738696026753942e+00,1.213320770416723826e+04,5.193909172615862917e+04,2.500000000000000000e+01,3.153990000000000000e+05,8.730900000000000000e+04,1.219613472364709850e+00,1.047699020332937270e+00,1.191536608682144394e+00,2.071795203238451677e+00,3.241489769692328160e+00,2.117603489973232112e+00,-2.981413615475718704e-01
1.052831856469044869e+00,4.304541925221184506e+00,1.194931717654337263e+04,5.143633676419658150e+04,4.100000000000000000e+01,3.114750000000000000e+05,8.897700000000000000e+04,1.232581036273829422e+00,1.074865870264711143e+00,1.238121610613425405e+00,2.138535406540126971e+00,3.465742505253966321e+00,2.213969766791366478e+00,-3.126506833964775023e-01
1.049997867417202579e+00,4.253183807538341021e+00,1.219662083400965639e+04,5.187447023789464583e+04,3.200000000000000000e+01,3.160190000000000000e+05,9.258700000000000000e+04,1.216838762621530901e+00,1.042588073918108149e+00,1.182058616630411230e+00,2.057385053230098571e+00,3.194979149256915285e+00,2.097761752997120865e+00,-2.935062733469953056e-01
1.052087285679145667e+00,4.285106523113728194e+00,1.203210300846603059e+04,5.155884308835410047e+04,4.000000000000000000e+01,3.129250000000000000e+05,8.799000000000000000e+04,1.227812041353656403e+00,1.067988079926786682e+00,1.229588753244764021e+00,2.117808262065237646e+00,3.403892027053405656e+00,2.185494059086886320e+00,-3.047938387078819034e-01
1.092905085549673805e+00,4.621983158824293447e+00,3.457147875400923658e+04,1.597887925766825501e+05,3.200000000000000000e+01,9.305930000000000000e+05,1.722550000000000000e+05,5.520869500323306589e-01,1.361673205878584092e-01,9.662092711916198118e-02,2.051208821868142351e-01,2.722802034661499226e-02,7.567049844673240377e-02,-9.618194507033519386e-03
1.094327670719076551e+00,4.604662844294521662e+00,3.424605513062271348e+04,1.576915376236401789e+05,3.600000000000000000e+01,9.200480000000000000e+05,1.709440000000000000e+05,5.569110200478785133e-01,1.389612993740569624e-01,9.838764262725301080e-02,2.101152707011511023e-01,2.849314565003144978e-02,7.830829033714933884e-02,-1.004041211869191944e-02
1.092365836000289248e+00,4.600088817626967419e+00,3.482755414636473870e+04,1.602098423739901627e+05,5.900000000000000000e+01,9.352240000000000000e+05,1.797360000000000000e+05,5.489468331810861690e-01,1.336666068076884095e-01,9.432982864929061184e-02,2.012562052029952531e-01,2.610869128934026340e-02,7.355683221225585433e-02,-9.342595160364603954e-03
1.089286447074546915e+00,4.567127910807541546e+00,3.462107428893615725e+04,1.581188746871416806e+05,4.900000000000000000e+01,9.263860000000000000e+05,1.767440000000000000e+05,5.522376520504663766e-01,1.365509641379166472e-01,9.607046916786428359e-02,2.053403874644192106e-01,2.721002314424842902e-02,7.586094788191001526e-02,-9.560512134600187076e-03
1.053003580399570316e+00,4.139787496957345603e+00,3.547168080652308709e+04,1.468452206989061378e+05,3.300000000000000000e+01,9.062860000000000000e+05,2.202100000000000000e+05,5.541963175727162572e-01,1.351956475978953187e-01,8.701578519858946259e-02,2.031903666508684814e-01,2.541529256339738335e-02,7.470187135300998538e-02,-9.167163858301817514e-03
1.053204537580741729e+00,4.135567344357029995e+00,3.552598783999575244e+04,1.469201151871113689e+05,2.900000000000000000e+01,9.071600000000000000e+05,2.148420000000000000e+05,5.535393364109419956e-01,1.383420094398776778e-01,9.063664470610507951e-02,2.052772937391531272e-01,2.650463671924443293e-02,7.634462483083165329e-02,-9.029018984179806862e-03
1.091208153755330645e+00,4.530793682415856338e+00,1.869590665929294482e+04,8.470729577896100818e+04,2.100000000000000000e+01,4.956380000000000000e+05,6.519400000000000000e+04,8.492280742529076942e-01,4.284338717111066397e-01,3.655586974792526256e-01,7.286038135191716947e-01,3.698518119393895409e-01,4.764092962926355646e-01,-6.785121326299450861e-02
1.091201667737216496e+00,4.517976216281961221e+00,1.885843597379312268e+04,8.520196520587347914e+04,3.100000000000000000e+01,4.990690000000000000e+05,6.763000000000000000e+04,8.477298580065243394e-01,4.263629122256224480e-01,3.630145769436236014e-01,7.245905176929714475e-01,3.654728110418470344e-01,4.726442358164718027e-01,-6.732214862035830472e-02
1.094775022178225754e+00,4.553360660564140794e+00,1.852268322051664290e+04,8.434045710439198592e+04,3.800000000000000000e+01,4.921300000000000000e+05,6.345800000000000000e+04,8.542525075036853099e-01,4.345885995696965320e-01,3.729965845676148639e-01,7.414194947462393603e-01,3.835705518975626171e-01,4.882509359365124757e-01,-6.994481501497586129e-02
1.089499071970702282e+00,4.471100602888161468e+00,1.891533808408270124e+04,8.457237951157556381e+04,3.700000000000000000e+01,4.979400000000000000e+05,6.364900000000000000e+04,8.492818494872582669e-01,4.289707097093946042e-01,3.645458035862137458e-01,7.282431671233162707e-01,3.691346828817562709e-01,4.764740501381597437e-01,-6.732519423882858678e-02
1.025037680353376501e+00,3.575757855634234872e+00,1.360015386820051208e+04,4.863085703205230675e+04,1.800000000000000000e+01,3.202360000000000000e+05,4.435000000000000000e+04,1.194541726955109295e+00,1.013163649208888462e+00,1.110714190454004546e+00,1.942423106811480560e+00,2.843751457691485740e+00,1.952889669192037436e+00,-2.307688452369869303e-01
1.024282575122755778e+00,3.573789426973123184e+00,1.356059469318883203e+04,4.846270993798608833e+04,1.400000000000000000e+01,3.192110000000000000e+05,4.366900000000000000e+04,1.198555564796275785e+00,1.021284372308874921e+00,1.123387587156638334e+00,1.961357429248338891e+00,2.901998755620646353e+00,1.979818266216731626e+00,-2.336173462859243433e-01
9.476926681702045885e-01,2.624816009541141693e+00,1.603431704777273262e+04,4.208713208905232023e+04,1.600000000000000000e+01,3.245560000000000000e+05,5.132600000000000000e+04,1.165995630746702538e+00,9.796144281943625076e-01,1.015969012382852199e+00,1.790743820443763124e+00,2.410966497280201182e+00,1.771113625341393050e+00,-1.464044682360847727e-01
