Shape_circ, Shape_eccent, Shape_e1, Shape_e2, Shape_corn, White_box, Black_box, Hu1, Hu2, Hu3, Hu4, Hu5, Hu6, Hu7
8.076177799264806501e-01,1.006571733868734331e+00,1.536287114099818245e+04,1.546383184159648044e+04,2.100000000000000000e+01,1.936780000000000000e+05,5.482200000000000000e+04,1.808538037415838406e+00,2.720363010842057783e+00,4.486633313291116920e+00,6.385989149041646940e+00,3.418239992852335973e+01,1.053274565213146374e+01,-3.000404009949164674e-03
8.046024214133058461e-01,1.011973618672758368e+00,1.164608746700890515e+04,1.178553327736845858e+04,2.900000000000000000e+01,1.472070000000000000e+05,4.332300000000000000e+04,2.325807950590111695e+00,4.693547714306467888e+00,1.016665522451709691e+01,1.337736893235721602e+01,1.560073646228864845e+02,2.898152946026845811e+01,-2.183261374065637028e-02
8.106305619752345315e-01,1.013116177690320141e+00,1.162842406029906488e+04,1.178094453653234086e+04,1.400000000000000000e+01,1.470720000000000000e+05,4.388100000000000000e+04,2.333692130006765009e+00,4.728243961853658917e+00,1.028037264305713450e+01,1.351248557709928200e+01,1.592602111715452509e+02,2.938225709118585627e+01,-2.753800578034315549e-02
8.128074408004114515e-01,1.015889959246443874e+00,1.163890012898308851e+04,1.182384177770605856e+04,3.100000000000000000e+01,1.473980000000000000e+05,4.311400000000000000e+04,2.333337845319909398e+00,4.724626305099343782e+00,1.026270459715477301e+01,1.350141694951815197e+01,1.589278231379456656e+02,2.934695514928318261e+01,-1.958656099856170840e-02
8.090155231345353970e-01,1.008325479076734421e+00,1.160339239275603359e+04,1.169999619334106319e+04,2.600000000000000000e+01,1.464040000000000000e+05,4.238000000000000000e+04,2.335432301047231540e+00,4.736417101711476896e+00,1.030840204410338501e+01,1.354372741851331341e+01,1.600305790597653299e+02,2.947563458180966833e+01,-2.260695020220282458e-02
8.091931896907450517e-01,1.010061687065725522e+00,1.157227620987081536e+04,1.168871283173267511e+04,2.300000000000000000e+01,1.461320000000000000e+05,4.179000000000000000e+04,2.357203974167040528e+00,4.831050349160194379e+00,1.061698848194119549e+01,1.391760233139108749e+01,1.691793322985342343e+02,3.059040234963545046e+01,-1.320983781964457648e-02
8.071237263289593455e-01,1.011032744355309987e+00,1.148195420998133704e+04,1.160863167547943522e+04,2.900000000000000000e+01,1.450680000000000000e+05,3.896900000000000000e+04,2.356648312452259919e+00,4.827510955790941694e+00,1.060173358324930781e+01,1.390506267016893815e+01,1.688293176433290625e+02,3.055164281935109827e+01,-2.254425442046681383e-02
8.028174362137761033e-01,1.008730370683581290e+00,1.530692073597043054e+04,1.544055582801964920e+04,3.500000000000000000e+01,1.931720000000000000e+05,5.882300000000000000e+04,1.822501516814851952e+00,2.767249511799332762e+00,4.604609296381308781e+00,6.533089784720942816e+00,3.583227047618001393e+01,1.086782834844162693e+01,-5.685260943220526997e-03
8.033463659833863790e-01,1.003147672802020995e+00,1.532159003535309421e+04,1.527351401071029431e+04,2.400000000000000000e+01,1.922160000000000000e+05,5.231400000000000000e+04,1.827761077539866719e+00,2.783394455907394871e+00,4.641705199939947235e+00,6.585827899124984341e+00,3.641282244707797844e+01,1.098747136640314537e+01,6.391339973887966153e-04
8.074353421568105649e-01,1.013609956713670934e+00,1.167138925759243466e+04,1.183023636017667195e+04,1.500000000000000000e+01,1.476540000000000000e+05,4.243300000000000000e+04,2.331711631434751908e+00,4.719237852175913517e+00,1.024972563263582614e+01,1.347770295611877245e+01,1.584090301576925413e+02,2.927869967287779929e+01,-2.572384901273494506e-02
8.088690773326634442e-01,1.011161764434094890e+00,1.162653304344121534e+04,1.175630566645732506e+04,8.000000000000000000e+00,1.469110000000000000e+05,4.057400000000000000e+04,2.337781496850444451e+00,4.746479292735426903e+00,1.034103459691312210e+01,1.358333739914308325e+01,1.609873398352476954e+02,2.959322279826020718e+01,-2.170162978185885549e-02
8.079825556123296781e-01,1.016144558254903352e+00,1.164881461646982098e+04,1.183687958264598637e+04,9.000000000000000000e+00,1.475540000000000000e+05,4.253800000000000000e+04,2.334398929041623383e+00,4.732314688020245796e+00,1.029690922567683486e+01,1.352698685853812499e+01,1.596448949581860290e+02,2.942644753064411844e+01,-3.211661914328090006e-02
8.081319665409835151e-01,1.014111458381606434e+00,1.162021970319053253e+04,1.178419794991723029e+04,7.000000000000000000e+00,1.470450000000000000e+05,4.087100000000000000e+04,2.328717312072035028e+00,4.706476964511898231e+00,1.020900913321050041e+01,1.342735801802624351e+01,1.572090846741550649e+02,2.912986729153193721e+01,-3.421954101581548002e-02
8.094050138852852960e-01,1.016012439051868999e+00,3.554701984868589352e+04,3.611621433748855634e+04,2.600000000000000000e+01,4.502480000000000000e+05,1.288720000000000000e+05,8.686637270680432898e-01,5.034280702653601836e-01,3.573243891146591356e-01,7.495739855120420181e-01,3.879293319118821692e-01,5.318425984783941018e-01,-5.706831448603899570e-04
8.103188745016399741e-01,1.011803565354371104e+00,3.554757181079115253e+04,3.596715989784902922e+04,3.000000000000000000e+01,4.493200000000000000e+05,1.298000000000000000e+05,8.688799195197373093e-01,5.036727881048168598e-01,3.571974705721096544e-01,7.500507012396107065e-01,3.882306604191917976e-01,5.323102274195641304e-01,-4.477693774763702450e-04
8.095253449868382578e-01,1.018989759234985693e+00,4.297912416032501642e+04,4.379528738026014616e+04,3.100000000000000000e+01,5.451820000000000000e+05,1.511780000000000000e+05,7.507173437058705101e-01,3.494216202345455380e-01,2.064307828673652701e-01,4.892712938825919400e-01,1.554928174303253086e-01,2.892174610378764887e-01,-4.088044260272538644e-04
8.098235729889423640e-01,1.008854092264547919e+00,4.277580438022663293e+04,4.315454529889940750e+04,3.400000000000000000e+01,5.399020000000000000e+05,1.481620000000000000e+05,7.499711795709527173e-01,3.488050293630806098e-01,2.057260304141710350e-01,4.880855850123205775e-01,1.546636676384687825e-01,2.882619537468475990e-01,-1.789565173013069055e-04
8.073612512748457037e-01,1.019760809246124778e+00,1.542099567513626243e+04,1.572572702905794540e+04,1.800000000000000000e+01,1.956790000000000000e+05,5.682100000000000000e+04,1.793079004523307596e+00,2.671171935931439201e+00,4.369019802165599486e+00,6.230237424992878026e+00,3.250490383425862007e+01,1.018252388394997787e+01,-9.085877417792431743e-03
8.095820443259879040e-01,1.014054075398455046e+00,1.557549064371485292e+04,1.579438976358955370e+04,3.000000000000000000e+01,1.970860000000000000e+05,5.591400000000000000e+04,1.777513839532090856e+00,2.617745374312158368e+00,4.231663659089025309e+00,6.067472253549540895e+00,3.074448709847833427e+01,9.816834269057585161e+00,-8.643247625535366296e-03
8.118007724419772364e-01,1.019181814109660023e+00,2.495266062383132521e+04,2.543129792145908868e+04,2.800000000000000000e+01,3.165460000000000000e+05,8.921400000000000000e+04,1.173246664102544967e+00,1.028227307146502456e+00,1.042538415353191361e+00,1.800146560090429837e+00,2.466082809833047396e+00,1.825375848597016404e+00,-2.212937376202539497e-03
8.114717454307748268e-01,1.009159937235917903e+00,2.505858010740018653e+04,2.528811512840519572e+04,2.100000000000000000e+01,3.163220000000000000e+05,8.626800000000000000e+04,1.161181727920545192e+00,1.003738434927388345e+00,1.004525839699627721e+00,1.746426333764820260e+00,2.313161196318454405e+00,1.749687620866825721e+00,-1.265748399295718585e-03
8.074886086733225055e-01,1.012655212829451479e+00,2.466500040620920845e+04,2.497714123578829458e+04,3.100000000000000000e+01,3.118930000000000000e+05,9.006300000000000000e+04,1.185437553799461252e+00,1.054082941769865833e+00,1.083451681141633482e+00,1.856588258647521084e+00,2.633165230020607872e+00,1.906131878731037954e+00,-1.401404125032312820e-03
8.092039689973075101e-01,1.013469860554166990e+00,2.471341337000558269e+04,2.504629960191704595e+04,3.700000000000000000e+01,3.126330000000000000e+05,8.868900000000000000e+04,1.182639298139661843e+00,1.046314790783529736e+00,1.068045660125620966e+00,1.841104393288616192e+00,2.581739772324751048e+00,1.883256829115706799e+00,-1.424431325600439280e-03
8.100695302414667731e-01,1.017316755602407863e+00,2.962370840805406624e+04,3.013669492659333628e+04,3.300000000000000000e+01,3.754580000000000000e+05,1.075580000000000000e+05,1.011025673338592501e+00,7.265804677418323809e-01,6.203657025815321191e-01,1.167562061672579699e+00,9.936734072495045922e-01,9.952260513297052080e-01,-9.159246420924471721e-04
8.096240468040516447e-01,1.011035017720162799e+00,2.976224285402890018e+04,3.009066973131489794e+04,4.100000000000000000e+01,3.760490000000000000e+05,1.090610000000000000e+05,1.009365102558257732e+00,7.219377478802350145e-01,6.120688947562006321e-01,1.159853934515686191e+00,9.772485513877462449e-01,9.854920960025436161e-01,-5.524897389692640104e-04
8.064823355779312530e-01,1.007473288451761873e+00,2.007834044303542396e+04,2.022839167279890535e+04,3.700000000000000000e+01,2.532330000000000000e+05,7.166700000000000000e+04,1.420934863673364523e+00,1.593509624843052919e+00,2.014390691648058951e+00,3.152584164819697499e+00,7.944597148556310273e+00,3.979642262705604949e+00,-1.485176863171400186e-03
8.103755965333382383e-01,1.000985311999329497e+00,2.029148873569231364e+04,2.027151496874901568e+04,2.100000000000000000e+01,2.548560000000000000e+05,7.004400000000000000e+04,1.409149081626493549e+00,1.562398974695398124e+00,1.952405159139325441e+00,3.074349353470474000e+00,7.532077696268967060e+00,3.842812452747270235e+00,1.399662499602882804e-03
8.071362575011691298e-01,1.015844012963283305e+00,2.948008752933554933e+04,2.994717041830906601e+04,4.200000000000000000e+01,3.733610000000000000e+05,1.075690000000000000e+05,1.009269776867691260e+00,7.234970850693688282e-01,6.163061762753028194e-01,1.161558682095880091e+00,9.827879726613228950e-01,9.880057344835744271e-01,-8.436302095551906355e-04
8.084850296537804404e-01,1.004731444804244589e+00,2.974523035113756487e+04,2.988596826673351097e+04,4.500000000000000000e+01,3.746560000000000000e+05,1.111520000000000000e+05,1.010161277627777743e+00,7.237527880566132499e-01,6.150845569054375073e-01,1.163063337176726941e+00,9.837221580262935916e-01,9.894605562777947227e-01,-1.704010507294628773e-04
8.132829213899270826e-01,1.326196351587205280e+00,1.722422213725798792e+04,2.284270055735911956e+04,2.600000000000000000e+01,2.492380000000000000e+05,7.300200000000000000e+04,1.447038309626684338e+00,1.651275148828574180e+00,2.119852603953747749e+00,3.319636193031718197e+00,8.805711823360633517e+00,4.265562515991196513e+00,-9.277058517729752651e-02
8.084359671901523159e-01,1.332995946757349115e+00,1.704598724088114614e+04,2.272223190057205647e+04,2.700000000000000000e+01,2.472880000000000000e+05,6.928700000000000000e+04,1.451147747190949300e+00,1.662987859313932004e+00,2.144596724951473021e+00,3.349510968409898037e+00,8.976769467806185787e+00,4.319178231885981489e+00,-9.603917799259775734e-02
8.123128695877188665e-01,1.007568937883024596e+00,2.023254508321617686e+04,2.038568396016653423e+04,3.700000000000000000e+01,2.551960000000000000e+05,6.970400000000000000e+04,1.411591334507792617e+00,1.569320676699364370e+00,1.967069398875205710e+00,3.091250995116006095e+00,7.622742322789277658e+00,3.872488211019237347e+00,-1.229081742017967827e-03
8.132507059522374737e-01,1.007105660806279612e+00,2.013888320714268411e+04,2.028198328022992064e+04,4.500000000000000000e+01,2.539550000000000000e+05,7.094500000000000000e+04,1.416572496894057842e+00,1.579805907195924508e+00,1.983071437103673729e+00,3.120080463753444278e+00,7.761003279774226549e+00,3.921639405036418946e+00,-1.046262169773104489e-03
8.069635613165032639e-01,1.003491080188695594e+00,3.487803215842378268e+04,3.499979416551274335e+04,2.600000000000000000e+01,4.390370000000000000e+05,1.219600000000000000e+05,8.929175721602825577e-01,5.382587914064981272e-01,3.949777136683101930e-01,8.120240142646890646e-01,4.598747804251560600e-01,5.957505264121790711e-01,-1.070246417557707552e-04
8.087643420684653695e-01,1.010767975768580351e+00,3.477272410012190085e+04,3.514715595063954243e+04,1.300000000000000000e+01,4.393060000000000000e+05,1.194480000000000000e+05,8.847907090650053430e-01,5.260803886597867907e-01,3.809767368805109800e-01,7.903350661510060160e-01,4.336765360675877146e-01,5.732410307842448205e-01,-3.955101918281800355e-04
8.132110023084779815e-01,1.011745046983393959e+00,1.545855785639904389e+04,1.564011934471796303e+04,3.800000000000000000e+01,1.953760000000000000e+05,5.813600000000000000e+04,1.791614804859112287e+00,2.666924993879580263e+00,4.359767758184159625e+00,6.216382692876321059e+00,3.236221864916652180e+01,1.015180170626402578e+01,-4.304983068465162432e-03
8.154698986933229810e-01,1.006653209672172755e+00,1.552019977628724155e+04,1.562345891955288971e+04,3.100000000000000000e+01,1.956630000000000000e+05,5.885700000000000000e+04,1.795883400184016487e+00,2.678149641258368963e+00,4.381126319704308436e+00,6.254564078489548429e+00,3.274073702496882277e+01,1.023562714477253266e+01,-5.183911665401552682e-03
8.119358722597201927e-01,1.014720584210224263e+00,1.207891598719634203e+04,1.225672468715409013e+04,2.000000000000000000e+01,1.528950000000000000e+05,4.246800000000000000e+04,2.252298443673430128e+00,4.381739061718676886e+00,9.174468810340815850e+00,1.217317105834595381e+01,1.286459287684620563e+02,2.548161469643274302e+01,-1.902996666031242512e-02
8.106608227666259880e-01,1.023080089624141431e+00,1.214529004518247348e+04,1.242560442793647780e+04,1.000000000000000000e+01,1.543640000000000000e+05,4.188400000000000000e+04,2.238722470446054658e+00,4.326589672026149636e+00,9.007234437886422640e+00,1.196217110270767137e+01,1.241682939837993160e+02,2.488185657526245720e+01,-4.936302928317815031e-02
8.093106406195471614e-01,1.008780784008705300e+00,2.454564933522734282e+04,2.476117938039339424e+04,2.200000000000000000e+01,3.097930000000000000e+05,8.836700000000000000e+04,1.193846617752211348e+00,1.071383831130542141e+00,1.110243496599120583e+00,1.895217123101000656e+00,2.749144489674238301e+00,1.961695052081124269e+00,-5.944710876779613073e-04
8.082210197246446626e-01,1.003928611940199556e+00,2.447203961759430968e+04,2.456818076463702528e+04,2.000000000000000000e+01,3.081170000000000000e+05,8.941300000000000000e+04,1.199829420222451315e+00,1.082560878186485498e+00,1.125625285965061506e+00,1.921378109290062586e+00,2.825635756808942745e+00,1.999120623722061785e+00,6.907163487523959589e-05
8.098304121459400928e-01,1.021416846852323257e+00,3.223207022904334735e+04,3.292237954087209800e+04,3.800000000000000000e+01,4.093380000000000000e+05,1.133420000000000000e+05,9.387543358586806219e-01,6.079393751688062508e-01,4.741476890230585939e-01,9.399402048706819723e-01,6.274899757549083912e-01,7.328754666654780925e-01,-8.151696605108726956e-04
8.115447072920017879e-01,1.017777149403400694e+00,3.244256776813117176e+04,3.301930414237519290e+04,2.900000000000000000e+01,4.112800000000000000e+05,1.143290000000000000e+05,9.286447007808427134e-01,5.918162913781929158e-01,4.546853114635973636e-01,9.102404936867715124e-01,5.855840437768888851e-01,7.002441467100585237e-01,-8.484731540793766236e-04
8.091655136676757509e-01,1.010023372561918542e+00,4.878756729256863764e+04,4.927658325593172049e+04,3.200000000000000000e+01,6.161330000000000000e+05,1.715170000000000000e+05,6.786812306391929450e-01,2.700753540687662602e-01,1.404950128109077601e-01,3.648373328470706500e-01,8.259979457539401437e-02,1.896014792467705101e-01,-1.114186473741632377e-04
8.092780710160204505e-01,1.011447315512734146e+00,4.894121208853788994e+04,4.950145758489102445e+04,3.400000000000000000e+01,6.185110000000000000e+05,1.735890000000000000e+05,6.714097520955863985e-01,2.622070084472889473e-01,1.340299327012617892e-01,3.532139327964225473e-01,7.685226063236343108e-02,1.808672512957960332e-01,-1.642882083646157731e-04
8.074765069052611821e-01,1.007078454801977330e+00,2.409803738577166951e+04,2.426861425422321190e+04,2.200000000000000000e+01,3.038850000000000000e+05,8.299800000000000000e+04,1.216292213206064066e+00,1.117745267822815247e+00,1.182219850706526909e+00,2.000255046623627297e+00,3.075935025065432704e+00,2.114739015245883369e+00,-1.114825097408678189e-03
8.099287263474702625e-01,1.006177543428386834e+00,2.411840223075773974e+04,2.426739470796154637e+04,3.100000000000000000e+01,3.040010000000000000e+05,8.225900000000000000e+04,1.207802200765594192e+00,1.099400951048414399e+00,1.152026971539606315e+00,1.959148458811799998e+00,2.943285043543569124e+00,2.054212597375173921e+00,-8.990512065305544809e-04
8.080898704299005475e-01,1.012776266685188720e+00,2.453466003196272504e+04,2.484812139156151898e+04,3.400000000000000000e+01,3.102610000000000000e+05,8.979300000000000000e+04,1.192481071494457145e+00,1.067841313390995861e+00,1.103598496567223419e+00,1.887945713547367399e+00,2.725145689081009959e+00,1.950935017724028553e+00,-1.638717196891681382e-03
8.077795864284460503e-01,1.007432635062297743e+00,2.463645520904180012e+04,2.481956898983925203e+04,1.900000000000000000e+01,3.107300000000000000e+05,8.995800000000000000e+04,1.190639484845722018e+00,1.063886344829081398e+00,1.097149420130316244e+00,1.879228367574794278e+00,2.698374347951004282e+00,1.938327499469692849e+00,-9.831262157546927227e-04
8.135811615589703116e-01,1.019550227049626168e+00,2.519965060436172280e+04,2.569230949524824609e+04,2.700000000000000000e+01,3.197320000000000000e+05,9.114000000000000000e+04,1.160137480225029716e+00,1.000673458398019466e+00,9.987147015928823368e-01,1.740585386284367875e+00,2.294899372740783150e+00,1.741170929583130134e+00,-1.336223984770734674e-03
8.107299021488210133e-01,1.012542604917639810e+00,2.531914491155937503e+04,2.563671294303753530e+04,2.900000000000000000e+01,3.201470000000000000e+05,8.944400000000000000e+04,1.151240059998622778e+00,9.836838597899277836e-01,9.744365906707073144e-01,1.702853661644243122e+00,2.193525380854461027e+00,1.688904321087711713e+00,-1.625294967235957344e-03
8.073675321554850681e-01,1.017401644730308030e+00,1.637277827293336304e+04,1.665769154368705495e+04,3.500000000000000000e+01,2.075170000000000000e+05,6.184300000000000000e+04,1.698103134623442090e+00,2.364519808049148075e+00,3.626930018510445386e+00,5.301440306492439802e+00,2.324665044514494383e+01,8.152021937224683157e+00,-6.353874993518360270e-03
8.045276123675852986e-01,1.002139297958537290e+00,1.663697933040313728e+04,1.660146385267438018e+04,3.300000000000000000e+01,2.088240000000000000e+05,6.313800000000000000e+04,1.688127854381507476e+00,2.337542739255721536e+00,3.573195985560635002e+00,5.217263469007426657e+00,2.252644032762384541e+01,7.976686945437488241e+00,2.643471048568102333e-03
8.086692058301576669e-01,1.003601407574197246e+00,1.596335629196147602e+04,1.602084684422095415e+04,2.200000000000000000e+01,2.009480000000000000e+05,5.559400000000000000e+04,1.748565551821477770e+00,2.526030984492406262e+00,4.014368689274963486e+00,5.784218446066176966e+00,2.787248288380452266e+01,9.193143087103608835e+00,-3.816954464923583146e-04
8.065924075667628701e-01,1.005850197793666911e+00,1.614343767914372802e+04,1.623787998263645204e+04,2.000000000000000000e+01,2.034440000000000000e+05,5.563300000000000000e+04,1.734766665331065383e+00,2.482487649627551196e+00,3.911336097322838157e+00,5.651585661539841432e+00,2.657161979466239998e+01,8.904588500109156257e+00,-5.798399808229603991e-03
8.086243728591483437e-01,1.020606847009261076e+00,1.996973839344596854e+04,2.038125173733467454e+04,3.500000000000000000e+01,2.535090000000000000e+05,7.139000000000000000e+04,1.418369468075098005e+00,1.587634943464126813e+00,2.004466591038327472e+00,3.136910576792398153e+00,7.865974947592263788e+00,3.952549950687097802e+00,-4.134574318535033655e-03
8.068394796148992132e-01,1.013237161246352658e+00,1.998685042871674523e+04,2.025141959064840194e+04,3.000000000000000000e+01,2.528050000000000000e+05,7.095500000000000000e+04,1.421591941505043977e+00,1.592801394649674407e+00,2.007608055015019044e+00,3.153099840778807117e+00,7.933155740969502823e+00,3.979408187661258811e+00,-4.451671155549785652e-03
8.082284831044266316e-01,1.016943910385555983e+00,2.997062296708959184e+04,3.047844251684324627e+04,3.300000000000000000e+01,3.797860000000000000e+05,1.067180000000000000e+05,1.000269355029285601e+00,7.076482193693377498e-01,5.957075214926461637e-01,1.130908404660163846e+00,9.282339956633125500e-01,9.513405979059014195e-01,-9.328394464676037501e-04
8.096123886299428918e-01,1.013751694121278524e+00,2.999698658260926823e+04,3.040949596665340505e+04,2.900000000000000000e+01,3.795230000000000000e+05,1.062850000000000000e+05,9.993117596496301491e-01,7.053551954439137850e-01,5.913905915375724520e-01,1.126962641378819185e+00,9.200283988756992049e-01,9.464842372246384805e-01,-9.904678293079505202e-04
8.092250730338274023e-01,1.006090516510554478e+00,3.810616464150002139e+04,3.833825086640298832e+04,3.800000000000000000e+01,4.802920000000000000e+05,1.343630000000000000e+05,8.273846241795361767e-01,4.462307833482494490e-01,2.978276981282295677e-01,6.500768574436939229e-01,2.860418310877797521e-01,4.342546300567294293e-01,-1.390014683789186911e-04
8.134127932421901797e-01,1.005774443131026263e+00,3.815633903536111757e+04,3.837667064520897111e+04,5.200000000000000000e+01,4.808510000000000000e+05,1.291060000000000000e+05,8.234086346929232469e-01,4.408958853337089923e-01,2.923818986561935729e-01,6.409710524764766770e-01,2.774806888881850564e-01,4.256047146415075089e-01,-1.897088089620746487e-04
8.077514226452495727e-01,1.012153097714201477e+00,2.416660913693529801e+04,2.446030829919738608e+04,2.500000000000000000e+01,3.055140000000000000e+05,8.573400000000000000e+04,1.205326279621291796e+00,1.096069340452981322e+00,1.150109701575921850e+00,1.949981405781370025e+00,2.920218385560596097e+00,2.041500386401172484e+00,-5.500747918851800478e-04
8.081135912466707039e-01,1.005656295837853431e+00,2.426121806715282219e+04,2.439844669392731157e+04,3.000000000000000000e+01,3.057240000000000000e+05,9.180600000000000000e+04,1.201046377713132607e+00,1.084793618032498408e+00,1.128720287147778389e+00,1.926666226256312120e+00,2.841207099313590057e+00,2.006688864731774213e+00,-1.869708580732876158e-04
8.093323781357788516e-01,1.010617219942771206e+00,2.408295010758487479e+04,2.433864408574788831e+04,2.100000000000000000e+01,3.042250000000000000e+05,8.827700000000000000e+04,1.202118539602121894e+00,1.088791107871384778e+00,1.137374160105532717e+00,1.934093823119882760e+00,2.868586707081341558e+00,2.018133049071384022e+00,-3.887613292286040689e-04
8.095931723863954987e-01,1.010797355168085110e+00,2.407303500587150484e+04,2.433296011480364541e+04,3.200000000000000000e+01,3.041270000000000000e+05,8.835500000000000000e+04,1.210322875833733658e+00,1.104318683046451754e+00,1.159400690183132854e+00,1.970594906284369063e+00,2.978603919002793976e+00,2.070830388256296839e+00,-1.492226624193460083e-03
8.084817557433980895e-01,1.024334480279633253e+00,3.610901688176694734e+04,3.698771104099325021e+04,2.600000000000000000e+01,4.592270000000000000e+05,1.290370000000000000e+05,8.484851084537403665e-01,4.767561906905696811e-01,3.307910943535440351e-01,7.015236484450328991e-01,3.379401321566243288e-01,4.843846189613994491e-01,-5.656813541063121509e-04
8.066185644716078462e-01,1.007205598868282426e+00,3.592648393260715238e+04,3.618535576457331626e+04,4.200000000000000000e+01,4.530710000000000000e+05,1.275730000000000000e+05,8.630374915247155387e-01,4.956469501783192788e-01,3.490121312541715204e-01,7.356857782938079904e-01,3.727851589846453706e-01,5.179389364212304558e-01,-3.470152962969375032e-04
8.102974262006970019e-01,1.005596465165416342e+00,2.441674150290580292e+04,2.455338894617979167e+04,2.000000000000000000e+01,3.076750000000000000e+05,9.111700000000000000e+04,1.196293483825928927e+00,1.076457064692053489e+00,1.118178474081820806e+00,1.906583154639865496e+00,2.783807414641430888e+00,1.978126701557717970e+00,-3.688910207819695586e-04
8.108975445603984200e-01,1.007288547153893044e+00,2.435044551986367151e+04,2.452792489025350369e+04,3.400000000000000000e+01,3.071000000000000000e+05,8.979900000000000000e+04,1.200276116050371655e+00,1.083238864972716708e+00,1.126104467286169530e+00,1.923123471568430443e+00,2.830088893672272121e+00,2.001563037313571325e+00,-7.752386228905283616e-04
8.093707296006482643e-01,1.017688347493945766e+00,2.421674524443379778e+04,2.464509944948969860e+04,3.100000000000000000e+01,3.069840000000000000e+05,8.926600000000000000e+04,1.207308426429157588e+00,1.099249249926612437e+00,1.153512994736225039e+00,1.958030364434878656e+00,2.942661363603009672e+00,2.052898167780605743e+00,-1.917191779131188767e-03
8.081239814472614968e-01,1.003847598808652597e+00,2.436546900714664298e+04,2.445921755667080288e+04,3.400000000000000000e+01,3.067620000000000000e+05,8.698200000000000000e+04,1.195612655318226469e+00,1.073958278460909188e+00,1.112298991252443914e+00,1.901942804606130188e+00,2.766348873838832212e+00,1.971020554888091025e+00,-1.926996093535304766e-04
8.094759590769754487e-01,1.010181867176574322e+00,4.149856834907006123e+04,4.192110126001828030e+04,2.400000000000000000e+01,5.241240000000000000e+05,1.499080000000000000e+05,7.743947140825238051e-01,3.781955602655532322e-01,2.324295383235718271e-01,5.358942059088812604e-01,1.891315451239053425e-01,3.295620842465540878e-01,-2.153116371610419577e-04
8.097753222285605235e-01,1.007878319658952471e+00,4.145884076183967409e+04,4.178546676205105905e+04,3.100000000000000000e+01,5.230230000000000000e+05,1.485370000000000000e+05,7.705558394026160718e-01,3.736393402300117739e-01,2.281392773926107786e-01,5.283192829032130611e-01,1.834190466807650854e-01,3.229406676867145887e-01,-2.127336815232472311e-04
8.089096214885712621e-01,1.015699167685689241e+00,1.548784653233679273e+04,1.573099283213816852e+04,2.000000000000000000e+01,1.961370000000000000e+05,5.737500000000000000e+04,1.799935742271953298e+00,2.695381374564787880e+00,4.432586796724885758e+00,6.303793318278439806e+00,3.332203871090852232e+01,1.034932575265576915e+01,-6.396019613529091430e-03
8.083466864760533444e-01,1.009247236885540522e+00,1.559228295486340539e+04,1.573646848893340393e+04,2.800000000000000000e+01,1.968300000000000000e+05,5.870000000000000000e+04,1.784815518670250567e+00,2.640666844008954683e+00,4.285697573657219372e+00,6.139406420968948730e+00,3.149200664684552464e+01,9.976614368046899273e+00,-3.223167073198140997e-03
8.042921415908795835e-01,1.008904267031184299e+00,1.820750254268166464e+04,1.836962700729267090e+04,2.400000000000000000e+01,2.297980000000000000e+05,6.179800000000000000e+04,1.545104857390894093e+00,1.920753657303060802e+00,2.661604248539502393e+00,4.025416372641219098e+00,1.317613225168860858e+01,5.578874872055809675e+00,-2.571534279115716970e-03
8.124156296879353478e-01,1.019575692324925731e+00,1.823806461591662810e+04,1.859508735743992656e+04,3.100000000000000000e+01,2.313980000000000000e+05,6.504000000000000000e+04,1.540214425196892112e+00,1.907606981436591465e+00,2.635078334558325963e+00,3.988912862346497334e+00,1.293238206754612563e+01,5.509331377431403887e+00,-6.929128108366100491e-03
8.075874073900359829e-01,1.016863765153556143e+00,1.671302327994773441e+04,1.699486777954669014e+04,1.600000000000000000e+01,2.117720000000000000e+05,5.914600000000000000e+04,1.662885415765327002e+00,2.260175902177930407e+00,3.396426257533946114e+00,4.990357299042478267e+00,2.054511354770113485e+01,7.502442813602095306e+00,-4.619041943334067923e-03
8.084389568990928421e-01,1.005899065189645114e+00,1.681615452158741027e+04,1.671753668288479093e+04,1.900000000000000000e+01,2.106840000000000000e+05,6.023400000000000000e+04,1.667309285263350649e+00,2.273145856805581566e+00,3.424517510772096873e+00,5.028705504900697676e+00,2.086815240464835242e+01,7.581756874650004363e+00,4.733613299769956484e-04
8.105290416840348344e-01,1.013313077243072291e+00,2.843492436535979868e+04,2.881348070983675279e+04,3.400000000000000000e+01,3.596710000000000000e+05,1.020430000000000000e+05,1.054969701959632467e+00,8.014445184887778462e-01,7.163830437627285441e-01,1.319298346370592734e+00,1.282587344031296483e+00,1.181081051728242404e+00,-1.308129953640491117e-03
8.094786717008751742e-01,1.020999941217504370e+00,2.824524680091909249e+04,2.883839532341229642e+04,3.400000000000000000e+01,3.586340000000000000e+05,1.030800000000000000e+05,1.049197835875907536e+00,7.922298352664852716e-01,7.050482917679214978e-01,1.299673420619778641e+00,1.244113723205022559e+00,1.156803691431990133e+00,-2.246112389370336082e-03
8.159041236050090795e-01,1.050088625002089326e+00,1.191161650930952783e+04,1.250825300181302919e+04,2.000000000000000000e+01,1.533720000000000000e+05,4.419600000000000000e+04,2.254814830193193398e+00,4.391190748889623130e+00,9.203037809933801938e+00,1.221136965999136237e+01,1.294529915803019549e+02,2.558910672097952599e+01,-7.830096108716588788e-02
8.089043656602674659e-01,1.022261706984360252e+00,1.207988095847930708e+04,1.234879972878292574e+04,2.800000000000000000e+01,1.534680000000000000e+05,4.233800000000000000e+04,2.228260592380271188e+00,4.281599622397777694e+00,8.858721415270817801e+00,1.179465676051738399e+01,1.205628339178941815e+02,2.440553037128427150e+01,-4.819483133641710992e-02
8.073740937029137976e-01,1.003571225949500656e+00,1.075509365467734642e+04,1.079350252422623998e+04,1.300000000000000000e+01,1.353850000000000000e+05,3.850300000000000000e+04,2.528212716163192653e+00,5.611791514078647403e+00,1.329246394901067951e+01,1.710764035779227754e+01,2.579811136931199371e+02,4.052666573598787636e+01,-2.146969429475120705e-03
8.086642408182858066e-01,1.009734737717590924e+00,1.045084645949909827e+04,1.055258270870913657e+04,2.300000000000000000e+01,1.319590000000000000e+05,3.614100000000000000e+04,2.583012710075318186e+00,5.872953657963894791e+00,1.422500984948543845e+01,1.822049847736912653e+01,2.933368787908499371e+02,4.415587876444587323e+01,-3.234808602195471394e-02
8.260902408819974507e-01,1.048812397334529356e+00,2.765833598997786976e+04,2.900840567593257947e+04,2.900000000000000000e+01,3.558520000000000000e+05,1.031340000000000000e+05,1.046780826230932382e+00,7.898961953034455696e-01,7.046768154140150564e-01,1.293506043680045847e+00,1.234941121603734704e+00,1.149615681913793486e+00,-3.172038222532758134e-03
8.204072697134358050e-01,1.039958819931708911e+00,2.716083687821688727e+04,2.824615186822807664e+04,2.900000000000000000e+01,3.479530000000000000e+05,1.028690000000000000e+05,1.080042140097604797e+00,8.475681805532266910e-01,7.794675003549887959e-01,1.413795446886929152e+00,1.484146558106255620e+00,1.301587325665368056e+00,-4.598739072334434574e-03
8.098067931223593696e-01,1.012582053328201948e+00,2.674198038709767570e+04,2.707844941042986829e+04,3.700000000000000000e+01,3.381400000000000000e+05,9.678800000000000000e+04,1.109063120011056114e+00,9.033496512064953521e-01,8.602746155126299588e-01,1.529146223527859672e+00,1.753847885150981556e+00,1.453372424718374356e+00,-1.483847423695450196e-03
8.073124445412278583e-01,1.009454488819425677e+00,2.654839218466677994e+04,2.679939366175044051e+04,3.200000000000000000e+01,3.351740000000000000e+05,9.123100000000000000e+04,1.110655410727630077e+00,9.046500489333391126e-01,8.591734136848864223e-01,1.533354310567525580e+00,1.759965328116927186e+00,1.458420627166785222e+00,-1.070486523326752426e-03
8.091989603763219963e-01,1.003121807056337911e+00,2.925703665483254008e+04,2.934837147830913091e+04,3.600000000000000000e+01,3.682110000000000000e+05,9.827700000000000000e+04,1.027296951709716133e+00,7.536041682542740094e-01,6.539450765332524007e-01,1.221996193563280597e+00,1.092384176651294281e+00,1.060819502407587267e+00,-2.980239013586905017e-04
8.068865590818299349e-01,1.007454785970987254e+00,2.930797567723710745e+04,2.952646036315381207e+04,3.500000000000000000e+01,3.696480000000000000e+05,1.016220000000000000e+05,1.028609513749064508e+00,7.561634788051072587e-01,6.579115798950248006e-01,1.226888468136288157e+00,1.102278425581853405e+00,1.066873463055294069e+00,-6.881780475727072854e-04
8.093076155422768148e-01,1.005986255004022389e+00,6.208451737763997517e+04,6.245617113046418672e+04,4.300000000000000000e+01,7.824970000000000000e+05,2.215070000000000000e+05,5.669575687817969278e-01,1.663729671484100170e-01,6.791041698501767976e-02,2.150622752111907565e-01,2.599046920814395215e-02,8.772141181374529251e-02,-3.668798171687151499e-05
8.094922313153256610e-01,1.010893993678235514e+00,6.187577004941085761e+04,6.254984429716509476e+04,5.500000000000000000e+01,7.817640000000000000e+05,2.212380000000000000e+05,5.665450256161698173e-01,1.658053154890919145e-01,6.736539203323091418e-02,2.144341183486850877e-01,2.577253983771481821e-02,8.731585225893566393e-02,-7.882024801817918980e-05
8.110433191265640218e-01,1.008805763359010621e+00,9.963293916803262255e+04,1.005102832531090244e+05,4.100000000000000000e+01,1.257512000000000000e+06,3.502960000000000000e+05,4.130888252605815492e-01,6.443196128263045663e-02,1.634957273999886052e-02,8.312554184247869515e-02,3.064448227881529617e-03,2.110013065070130353e-02,-1.070356044912171810e-05
8.111914335937343568e-01,1.008311591791937634e+00,9.952789907657493313e+04,1.003551343456085888e+05,5.100000000000000000e+01,1.255878000000000000e+06,3.519370000000000000e+05,4.134893903071099608e-01,6.470170157969110103e-02,1.645260189953002758e-02,8.341141341103694429e-02,3.089941669382893861e-03,2.121696760954628128e-02,-1.517049778967569616e-05
8.111955366244980592e-01,1.019378213636427777e+00,2.997797057481275988e+04,3.055889009299802274e+04,4.700000000000000000e+01,3.803260000000000000e+05,1.061800000000000000e+05,1.001862204825998415e+00,7.090861963089563069e-01,5.955103454145551645e-01,1.134732746667179271e+00,9.327919721015043297e-01,9.555270397390822623e-01,-9.759978729810825371e-04
8.120496048577702242e-01,1.005385562820596101e+00,3.018477603391085358e+04,3.034733804146710099e+04,5.000000000000000000e+01,3.803120000000000000e+05,1.068920000000000000e+05,9.978521282696577455e-01,7.038938336119882067e-01,5.909506395421200153e-01,1.123313538166450076e+00,9.152233159945946106e-01,9.424418592342419521e-01,-2.596257184612760227e-04
8.101338413434564512e-01,1.013313731022258857e+00,3.152922185360264484e+04,3.194899343270263853e+04,2.900000000000000000e+01,3.988260000000000000e+05,1.109700000000000000e+05,9.591275280249831336e-01,6.403406923670441619e-01,5.127995310261339590e-01,1.000855467230768125e+00,7.170191163696975067e-01,8.008973389973218504e-01,-5.417832803300548505e-04
8.092572000524730358e-01,1.006025351172072479e+00,3.174045234576408257e+04,3.193169971750774494e+04,2.600000000000000000e+01,4.000510000000000000e+05,1.097450000000000000e+05,9.570311946673779602e-01,6.368367741585091446e-01,5.084181914969425620e-01,9.943200256218014399e-01,7.069679914127002807e-01,7.934877750263439333e-01,-3.980881097878086194e-04
8.101946407192909261e-01,1.004942963746671136e+00,4.834264752542386123e+04,4.858160347956012993e+04,3.200000000000000000e+01,6.089750000000000000e+05,1.760200000000000000e+05,6.825350766045692463e-01,2.735175889169106367e-01,1.426276842334781580e-01,3.704447988993735397e-01,8.515049122076290278e-02,1.937385884106405387e-01,-1.840750883157216133e-05
8.120667496735340940e-01,1.012325783648114763e+00,4.817089658510162553e+04,4.876464063454529969e+04,3.300000000000000000e+01,6.090360000000000000e+05,1.706440000000000000e+05,6.795050293997686452e-01,2.705835482301304218e-01,1.404146120113715090e-01,3.658437794106422780e-01,8.291800303374677328e-02,1.903033025263331790e-01,-1.621492630292653558e-04
8.068281786227154972e-01,1.022646544615707143e+00,1.191536273607375733e+04,1.218520452988858597e+04,1.800000000000000000e+01,1.514090000000000000e+05,4.262900000000000000e+04,2.274016043051852343e+00,4.472463332750010956e+00,9.458865588841932848e+00,1.252051041809761500e+01,1.362550325125251618e+02,2.647861983739612768e+01,-4.739113396843208648e-02
8.079238921416748154e-01,1.023159670386412090e+00,1.203104921823748009e+04,1.230968435253455937e+04,2.400000000000000000e+01,1.529170000000000000e+05,4.288900000000000000e+04,2.257536483546160433e+00,4.402889967499265644e+00,9.237910217375599586e+00,1.225492216471791274e+01,1.303925138945040771e+02,2.571457699023054033e+01,-6.003129744635771203e-02
8.038296308951170532e-01,1.020011856585901544e+00,1.590755774982471848e+04,1.622589751414615603e+04,2.200000000000000000e+01,2.018750000000000000e+05,5.770300000000000000e+04,1.745708731203845954e+00,2.519018297509888260e+00,4.002580884821764329e+00,5.760530356112988137e+00,2.766073683486215629e+01,9.142775373964338925e+00,-7.970740220965666367e-03
8.090522363089671654e-01,1.014192057779293554e+00,1.578329589342701183e+04,1.600729334069421384e+04,2.000000000000000000e+01,1.997300000000000000e+05,5.580000000000000000e+04,1.755765358555685385e+00,2.550079233945338864e+00,4.075623457817648898e+00,5.856498791164487017e+00,2.861238661369451108e+01,9.352222940666203854e+00,-1.044394991774488801e-02
8.068102093989796275e-01,1.012023221884075452e+00,1.595559107500868595e+04,1.614742868679509047e+04,1.500000000000000000e+01,2.016930000000000000e+05,5.484900000000000000e+04,1.754709435614804525e+00,2.543745930928054566e+00,4.051813703044759407e+00,5.840504198072205888e+00,2.841189739641963641e+01,9.315092823292793867e+00,-5.260385338294426560e-03
8.082071737105611664e-01,1.014394295208400409e+00,1.575365038520858798e+04,1.598041307946321285e+04,2.000000000000000000e+01,1.993780000000000000e+05,5.615200000000000000e+04,1.762449620325341471e+00,2.569503468189024531e+00,4.116728290044979310e+00,5.918329169657601696e+00,2.921290593451432471e+01,9.486885858169035401e+00,-7.988386127964375305e-03
8.090841180890308015e-01,1.023545930207485632e+00,2.012883177887172496e+04,2.060278384709525562e+04,2.100000000000000000e+01,2.558970000000000000e+05,7.014300000000000000e+04,1.411532126480700811e+00,1.570284932967337177e+00,1.971616860565526874e+00,3.092662658342341331e+00,7.636773482122584333e+00,3.875445574107370561e+00,-6.926031176354818797e-03
8.104184497544396626e-01,1.018226425677171587e+00,2.012303565114052617e+04,2.048980666483511231e+04,2.300000000000000000e+01,2.551590000000000000e+05,7.031100000000000000e+04,1.408529711896824521e+00,1.560059296091869774e+00,1.946856730063249996e+00,3.069189549326821087e+00,7.502438719897170927e+00,3.833488529295925762e+00,-5.235232703743264437e-03
8.084888301271985211e-01,1.011893192226879679e+00,4.658649172318689671e+04,4.714055382442670088e+04,3.200000000000000000e+01,5.888830000000000000e+05,1.662620000000000000e+05,7.063029318432203496e-01,2.997321479546001810e-01,1.644491830751734496e-01,4.101417217118646374e-01,1.065163657635495170e-01,2.245435446216574593e-01,-1.525127034493964362e-04
8.085895634682622735e-01,1.007077231483920254e+00,4.684478064131829160e+04,4.717631199773037224e+04,3.200000000000000000e+01,5.907370000000000000e+05,1.679000000000000000e+05,6.996455908443226512e-01,2.918539827444217027e-01,1.574122232083255968e-01,3.983997322147461162e-01,9.976944109888824519e-02,2.152295202071004554e-01,-1.057099187579332855e-04
8.092666500403610241e-01,1.009810045912931775e+00,4.658972139789161156e+04,4.704676870387562667e+04,2.700000000000000000e+01,5.883170000000000000e+05,1.650910000000000000e+05,7.019914967642775228e-01,2.948064230145666098e-01,1.601593815915301477e-01,4.026735969816258032e-01,1.022599798202126209e-01,2.186359607831456220e-01,-1.029709369239628636e-04
8.085606704091374830e-01,1.006610917480355916e+00,4.678080776103036624e+04,4.709007182080293569e+04,4.200000000000000000e+01,5.897940000000000000e+05,1.671020000000000000e+05,7.029626685659835506e-01,2.957150240314000977e-01,1.607193615649054608e-01,4.041771081843927860e-01,1.030128600193215976e-01,2.197902349913288533e-01,-1.043274077736286443e-04
8.078783003341234448e-01,1.011496273371121024e+00,4.666941174531644356e+04,4.720593606081001053e+04,4.900000000000000000e+01,5.898100000000000000e+05,1.653260000000000000e+05,7.052700223196681772e-01,2.983808003850596524e-01,1.631144916204839146e-01,4.082013162549678054e-01,1.053312647649980865e-01,2.229768609525996648e-01,-1.714906039424549111e-04
8.102202168724839115e-01,1.004818039162332921e+00,4.687994813215626345e+04,4.710581755818512465e+04,4.500000000000000000e+01,5.905110000000000000e+05,1.681290000000000000e+05,7.003203623035872960e-01,2.926503683940898104e-01,1.581606387531119262e-01,3.995828953541290529e-01,1.004521978055399056e-01,2.161630310802037380e-01,-6.683064196492949360e-05
8.128453807393817288e-01,1.010512341833061045e+00,4.747505753681847273e+04,4.797413157018974744e+04,5.200000000000000000e+01,5.996980000000000000e+05,1.650520000000000000e+05,6.927857010955835726e-01,2.851183923534350573e-01,1.524862385584941360e-01,3.876210235962368467e-01,9.423798852888914945e-02,2.069759634668736914e-01,-1.115412051070421851e-04
8.103711718329050795e-01,1.003009645801784089e+00,4.775906294694016833e+04,4.790280081023557432e+04,4.800000000000000000e+01,6.010430000000000000e+05,1.628330000000000000e+05,6.907959556236080711e-01,2.826349016989485596e-01,1.502596350399770520e-01,3.840649439141394228e-01,9.226311560091815522e-02,2.041820503698331124e-01,-4.468893107638371998e-05
8.118503573792931194e-01,1.006372932131470943e+00,2.447154266153928256e+04,2.462749814207366580e+04,4.500000000000000000e+01,3.084760000000000000e+05,9.031400000000000000e+04,1.193288545267346068e+00,1.069650447188344122e+00,1.106479988383914703e+00,1.891872905786174064e+00,2.737220020953874844e+00,1.956648806325610446e+00,-5.961761503143758745e-04
8.091395004557172532e-01,1.003631356470377156e+00,2.453143007836529796e+04,2.462051244570797644e+04,4.100000000000000000e+01,3.088120000000000000e+05,9.061100000000000000e+04,1.190194792402815560e+00,1.062511155106940608e+00,1.094333077473915949e+00,1.876576948893302177e+00,2.689207591984375867e+00,1.934341392591842457e+00,-1.377192066420729333e-04
8.076396643662203667e-01,1.013629892654780651e+00,3.543420199329424941e+04,3.591716636277066573e+04,5.300000000000000000e+01,4.482850000000000000e+05,1.277920000000000000e+05,8.733464283200655931e-01,5.098578382162209932e-01,3.640671414445096343e-01,7.611689491354911574e-01,4.006932435840643847e-01,5.435075012795552718e-01,-4.846631772533194216e-04
8.149054237763901920e-01,1.002590068964260839e+00,3.624428283640635345e+04,3.633815802851282206e+04,5.000000000000000000e+01,4.560290000000000000e+05,1.246150000000000000e+05,8.619684883670721831e-01,4.937079124198555102e-01,3.466672231185232711e-01,7.325860976486380238e-01,3.691852988027965465e-01,5.147468711949220177e-01,-2.715232676653300814e-05
8.068261519340084176e-01,1.006457377733985803e+00,3.559612796955797239e+04,3.582598561372470431e+04,5.600000000000000000e+01,4.487370000000000000e+05,1.319070000000000000e+05,8.732164997331613998e-01,5.097525236098284784e-01,3.637934167064132973e-01,7.609183944022851476e-01,4.003450394382152000e-01,5.432725464140022442e-01,-2.583866423515046584e-04
8.127080473628586210e-01,1.003159698537304134e+00,3.626447985089402937e+04,3.637906467483499728e+04,5.300000000000000000e+01,4.564160000000000000e+05,1.242280000000000000e+05,8.623455921184824957e-01,4.946478838668015299e-01,3.480338774855139539e-01,7.339380983829413285e-01,3.709367751484962117e-01,5.161875281009421501e-01,-1.023058965003154075e-04
8.079282570460568635e-01,1.012924861660435383e+00,2.949303477039957215e+04,2.987422816475339641e+04,2.700000000000000000e+01,3.729950000000000000e+05,1.072530000000000000e+05,1.017782801476329269e+00,7.372816082656240555e-01,6.333037589827441582e-01,1.189422883303413059e+00,1.032310511883933080e+00,1.021299043481656676e+00,-7.597593729440355048e-04
8.090162315909478208e-01,1.011547759419754389e+00,2.962493559888460368e+04,2.996703722800624382e+04,2.800000000000000000e+01,3.744100000000000000e+05,1.093080000000000000e+05,1.013120955132112755e+00,7.288716551953542400e-01,6.216766117341784303e-01,1.173110368776430601e+00,1.001821724432419014e+00,1.001530905415886741e+00,-7.736362086401271654e-04
8.083442395918688517e-01,1.013393243083794415e+00,1.527528001908499573e+04,1.547986555755363042e+04,2.000000000000000000e+01,1.932280000000000000e+05,5.676800000000000000e+04,1.816378275569032752e+00,2.746536269672477992e+00,4.552196415910868765e+00,6.468069060595031949e+00,3.509719899529383724e+01,1.071932101153069361e+01,-7.759616238374178465e-03
8.038580602378315731e-01,1.006112727038669163e+00,1.537235900988894900e+04,1.546632604445682773e+04,1.900000000000000000e+01,1.937520000000000000e+05,5.624400000000000000e+04,1.807158613139444370e+00,2.715049979514777778e+00,4.471444734329319104e+00,6.370213431274400762e+00,3.399812017124612851e+01,1.049646087951267859e+01,-4.726738323732604385e-03
8.087997313062840199e-01,1.012780496087085425e+00,1.912890012737665529e+04,1.937337696060484086e+04,1.200000000000000000e+01,2.419030000000000000e+05,6.722900000000000000e+04,1.487266177132573031e+00,1.763645187304407669e+00,2.342209040142347654e+00,3.599779895879008151e+00,1.045265720131093623e+01,4.780590114665826285e+00,-4.453446384199644115e-03
8.086376653215979760e-01,1.007915108479785049e+00,1.930148476508655949e+04,1.945425811082313885e+04,1.600000000000000000e+01,2.434970000000000000e+05,6.508300000000000000e+04,1.469487286336627285e+00,1.716957419447493915e+00,2.249557993724916827e+00,3.475647474904941525e+00,9.718565342006602492e+00,4.554235294919505073e+00,-2.879195222105224161e-03
8.074379716108344152e-01,1.007112939120502926e+00,4.919783188692946715e+04,4.954777307000193105e+04,7.000000000000000000e+01,6.204150000000000000e+05,1.716850000000000000e+05,6.751979173661852851e-01,2.663432319776173340e-01,1.375173682183392088e-01,3.592815624408011166e-01,7.986029549277565143e-02,1.854196466362796059e-01,-8.728908978219984682e-05
8.083975830859746470e-01,1.007712786929864990e+00,4.811202513629700115e+04,4.848310293493756762e+04,5.300000000000000000e+01,6.069020000000000000e+05,1.692340000000000000e+05,6.837353228841783759e-01,2.753617798911668912e-01,1.446566453712712363e-01,3.728502521426009242e-01,8.659057860741237178e-02,1.956528844644280229e-01,-8.611333313970903625e-05
8.067916696036407931e-01,1.004485498214638728e+00,4.930173032602971944e+04,4.952287314938572672e+04,6.900000000000000000e+01,6.209120000000000000e+05,1.711880000000000000e+05,6.733186782972550022e-01,2.640482833750593117e-01,1.353892161109937486e-01,3.560640857744574728e-01,7.817794800743574357e-02,1.829657682510024974e-01,-2.722731249668597364e-05
8.070965274896112485e-01,1.003090603444209528e+00,4.837838556424595299e+04,4.852790396929610870e+04,5.600000000000000000e+01,6.088600000000000000e+05,1.743610000000000000e+05,6.857900985031430974e-01,2.774178051628252151e-01,1.461263928789264810e-01,3.760486942446505942e-01,8.815164301654970780e-02,1.980666007207787516e-01,-4.150882589362692165e-05
8.149485994864635874e-01,1.010607344111854156e+00,2.421762507138466754e+04,2.447450975408871091e+04,2.400000000000000000e+01,3.059190000000000000e+05,8.468100000000000000e+04,1.204066148431368610e+00,1.092544236930275803e+00,1.142945271024725873e+00,1.942837501780105391e+00,2.895125495448959363e+00,2.030747654122379675e+00,-1.249727324445615295e-03
8.103643922190695292e-01,1.005297860834366119e+00,2.422591738942727898e+04,2.435426292834131164e+04,3.400000000000000000e+01,3.052210000000000000e+05,8.602300000000000000e+04,1.206306118719658649e+00,1.096162147236224849e+00,1.147057535019798014e+00,1.951931752183764246e+00,2.920717390212154818e+00,2.043628830023520138e+00,-5.534289124238256363e-04
8.072460230392308755e-01,1.011442888035337440e+00,2.956995051855426209e+04,2.990831615154854444e+04,3.200000000000000000e+01,3.736940000000000000e+05,1.086340000000000000e+05,1.014550527992196916e+00,7.316372016677246126e-01,6.259340645524964497e-01,1.178323891845637794e+00,1.011955021653099696e+00,1.007888576418200843e+00,-7.175962705038285705e-04
8.100548715777751152e-01,1.009021623039501936e+00,2.983694955656786988e+04,3.010612726811586253e+04,3.300000000000000000e+01,3.766180000000000000e+05,1.071000000000000000e+05,1.003643651084850319e+00,7.128258530184143904e-01,6.011613406832753137e-01,1.141459727197098317e+00,9.455539573029514422e-01,9.637231359205675751e-01,-6.276410570711377090e-04
8.105143937950891608e-01,1.012543781859827297e+00,4.872346129042909888e+04,4.933463776031198358e+04,4.200000000000000000e+01,6.160910000000000000e+05,1.760090000000000000e+05,6.764218215559733016e-01,2.670635395154866143e-01,1.377409861314370931e-01,3.607371067908652362e-01,8.041126104376061789e-02,1.864223952888666713e-01,-1.679863323072738890e-04
8.086491504246136053e-01,1.011851433082151308e+00,4.788223994459542155e+04,4.844971310712231207e+04,3.700000000000000000e+01,6.052480000000000000e+05,1.708770000000000000e+05,6.884864281675560083e-01,2.803553358540680773e-01,1.486250829228727421e-01,3.804668388235528109e-01,9.047336909186323717e-02,2.014518139333749125e-01,-1.382291402250296342e-04
8.094128351034033386e-01,1.008163932452297296e+00,4.885644254281788744e+04,4.925530323959699308e+04,4.500000000000000000e+01,6.164370000000000000e+05,1.747730000000000000e+05,6.752824840673316009e-01,2.661447640464254527e-01,1.370761071825562227e-01,3.591734995342454884e-01,7.969608449823556429e-02,1.852948003748519368e-01,-9.758735197467477418e-05
8.088101646350621676e-01,1.006479932365209828e+00,4.819394423467782326e+04,4.850623773373122822e+04,4.600000000000000000e+01,6.075700000000000000e+05,1.694660000000000000e+05,6.850219102021348760e-01,2.763084419658506374e-01,1.450572890481109378e-01,3.745627054178459758e-01,8.730845959446648097e-02,1.968890665010060437e-01,-9.410633965774989340e-05
8.121056972631078841e-01,1.005856224900329110e+00,1.168694936787422012e+04,1.175539077177125182e+04,8.000000000000000000e+00,1.472850000000000000e+05,4.107100000000000000e+04,2.327360707556834107e+00,4.701598368423008267e+00,1.019605869341266668e+01,1.340679960919305103e+01,1.567486612498167347e+02,2.907019040814060773e+01,-4.245199942303656826e-03
8.134754355801385728e-01,1.006955022926541155e+00,1.166154102769265046e+04,1.174264731289905467e+04,2.300000000000000000e+01,1.470370000000000000e+05,4.436300000000000000e+04,2.337158105715787748e+00,4.744658432485193700e+00,1.033840411910785129e+01,1.357504633934929217e+01,1.608195087213799184e+02,2.956948706457763976e+01,-1.630511251866550992e-02
8.116516657381358524e-01,1.008324792728940711e+00,1.937292907240899876e+04,1.953420469148927077e+04,1.200000000000000000e+01,2.444470000000000000e+05,6.579800000000000000e+04,1.468794274610422335e+00,1.716048316016562270e+00,2.249492309588181360e+00,3.472329736527065336e+00,9.704511603809946152e+00,4.548683301877487928e+00,-2.290099812837453896e-03
8.082338731824099121e-01,1.012343632727972453e+00,1.951539951811280480e+04,1.975629044230404179e+04,3.100000000000000000e+01,2.467260000000000000e+05,6.910900000000000000e+04,1.455163177459493973e+00,1.680569705154950633e+00,2.180105602296858791e+00,3.379017381044802981e+00,9.171162665725262286e+00,4.380449243354276767e+00,-1.714793240154222076e-03
8.140987864458540946e-01,1.008041251820525508e+00,1.934236854154345929e+04,1.949790539779141909e+04,2.200000000000000000e+01,2.440210000000000000e+05,6.621900000000000000e+04,1.464765689032013318e+00,1.703572817354770397e+00,2.221461645822881970e+00,3.441420975278807859e+00,9.515379208726827187e+00,4.491776516891828663e+00,-2.163398098826263549e-03
8.061999786049984795e-01,1.002601798524560994e+00,1.955999261513957754e+04,1.961088377506607139e+04,2.900000000000000000e+01,2.461000000000000000e+05,6.918200000000000000e+04,1.454298861315088010e+00,1.677181438704605787e+00,2.171810415697958518e+00,3.371275669413951626e+00,9.122258052249602400e+00,4.366005597939237148e+00,-8.087948704069702899e-04
8.121046298660247187e-01,1.012003702838716102e+00,2.914369307224780641e+04,2.949352530350982124e+04,2.500000000000000000e+01,3.684120000000000000e+05,1.014920000000000000e+05,1.024688208856210370e+00,7.498918252632326142e-01,6.501715557551105418e-01,1.213928570316236133e+00,1.078458883563921722e+00,1.051217055088768726e+00,-6.939705101539628274e-04
8.091719102111759598e-01,1.007049459150624493e+00,2.923098173920403860e+04,2.943704435090720654e+04,5.000000000000000000e+01,3.686040000000000000e+05,1.006120000000000000e+05,1.025064385257853594e+00,7.494034858521642084e-01,6.482696103884593164e-01,1.213880309424232973e+00,1.076816257505732510e+00,1.050833004959902617e+00,-3.857207299162723757e-04
8.097908696073837786e-01,1.010432403569559767e+00,3.489953377270790224e+04,3.526361979341426922e+04,3.500000000000000000e+01,4.408280000000000000e+05,1.239040000000000000e+05,8.891323042970409318e-01,5.328065948462132884e-01,3.889426335429375103e-01,8.021261954754799195e-01,4.480295271695936554e-01,5.855007459816214954e-01,-4.165289854743126075e-04
8.101754427444027851e-01,1.006284876748626989e+00,3.488874409356566321e+04,3.510801555010810989e+04,4.400000000000000000e+01,4.397870000000000000e+05,1.182210000000000000e+05,8.884658810300807286e-01,5.320285252321167446e-01,3.882255894375473693e-01,8.005767512324963864e-01,4.463200884622871012e-01,5.839429478896964731e-01,-3.111996930789950877e-04
8.094760779319081223e-01,1.010797965569350199e+00,4.109169142039595317e+04,4.153539808953975444e+04,2.800000000000000000e+01,5.191420000000000000e+05,1.434450000000000000e+05,7.784695030124023640e-01,3.836675289269110833e-01,2.378972893608991002e-01,5.445810032393888500e-01,1.960144668337394924e-01,3.373183508036021738e-01,-2.498129425416439897e-04
8.128790321841510291e-01,1.004813980957644848e+00,4.118459391201272956e+04,4.138285576285349816e+04,4.500000000000000000e+01,5.187700000000000000e+05,1.405700000000000000e+05,7.734592858416348138e-01,3.774075159028346671e-01,2.319148904114546328e-01,5.343451118979010150e-01,1.881035348978756239e-01,3.282669082810839023e-01,-1.405980896345554454e-04
8.080661156954981328e-01,1.011177043098471673e+00,3.436926203147078922e+04,3.475340875445920392e+04,2.600000000000000000e+01,4.342920000000000000e+05,1.214780000000000000e+05,8.949039746990783417e-01,5.415389529725641582e-01,3.987575739241245865e-01,8.176827305572751392e-01,4.669082559944676691e-01,6.017271789718747765e-01,-3.977124786391228461e-04
8.104116739057747321e-01,1.004722694442535147e+00,3.470788511912944523e+04,3.487179985529370606e+04,3.100000000000000000e+01,4.371690000000000000e+05,1.193470000000000000e+05,8.904836533006516008e-01,5.347376966967246625e-01,3.909267275483659376e-01,8.056344145809157808e-01,4.521209661946608560e-01,5.891262874316980369e-01,-2.164678669355768470e-04
8.146942311647175083e-01,1.008170933278439652e+00,2.447438982019969262e+04,2.467436842645106663e+04,3.700000000000000000e+01,3.087870000000000000e+05,9.000300000000000000e+04,1.196087385516622525e+00,1.075874036541535794e+00,1.117014523733250275e+00,1.905431006839288344e+00,2.779836482252668883e+00,1.976395806793378229e+00,-2.646423885035442680e-04
8.140845230404588628e-01,1.004774264636169701e+00,2.525640631856750770e+04,2.537698708609097957e+04,3.700000000000000000e+01,3.181220000000000000e+05,8.446800000000000000e+04,1.163416087173204216e+00,1.008513328487325778e+00,1.012749546742055973e+00,1.756640273674235253e+00,2.343016086759459604e+00,1.764101820768046780e+00,-5.377605204346380674e-04
8.111457008241395039e-01,1.002105222237094528e+00,2.451692589150435742e+04,2.456853946907634963e+04,4.500000000000000000e+01,3.083960000000000000e+05,8.913400000000000000e+04,1.195673004663490246e+00,1.074616743876557257e+00,1.114265026301196837e+00,1.902956101335956385e+00,2.771005606119421927e+00,1.972675136139740770e+00,-1.393874350363866199e-05
8.110061110953256103e-01,1.006725838984269261e+00,2.521569442099305888e+04,2.538529112154519680e+04,3.300000000000000000e+01,3.179150000000000000e+05,8.594300000000000000e+04,1.160955406433017867e+00,1.003205676448237993e+00,1.003810003978657939e+00,1.745337529367573470e+00,2.310174989771290210e+00,1.748132726529063152e+00,-7.494249031749777856e-04
8.106178696724166688e-01,1.016446139455242426e+00,2.482809222613809106e+04,2.523641849329677643e+04,3.000000000000000000e+01,3.145430000000000000e+05,8.741300000000000000e+04,1.173388158504136802e+00,1.030139848641798972e+00,1.047712409394766508e+00,1.802939477108489896e+00,2.477950859767449998e+00,1.829907662990709394e+00,-1.470645932383218835e-03
8.085799942259935813e-01,1.011177254277412230e+00,2.484390974929566801e+04,2.512159644580862368e+04,2.500000000000000000e+01,3.139280000000000000e+05,8.739400000000000000e+04,1.174172910657958591e+00,1.029592252081339199e+00,1.043494354900093235e+00,1.803593981747314556e+00,2.474304444054585606e+00,1.830085462851424927e+00,-1.530045718193262516e-03
8.101990594049921501e-01,1.004731337522790202e+00,3.947703327739224915e+04,3.966381244622601662e+04,4.300000000000000000e+01,4.972370000000000000e+05,1.339930000000000000e+05,8.024804955340012480e-01,4.137509812317722302e-01,2.659961733760842773e-01,5.948073739572050656e-01,2.365931463067661444e-01,3.826007828003277766e-01,-1.142427817619473540e-04
8.089208924233574072e-01,1.023349227650846238e+00,3.931776604478346417e+04,4.023580551488582569e+04,3.000000000000000000e+01,4.997950000000000000e+05,1.401690000000000000e+05,7.941637156292300492e-01,4.019149988425293474e-01,2.531055578926851846e-01,5.758739256327258804e-01,2.198572191828138678e-01,3.650853293664053645e-01,-5.238711514980037842e-04
8.059900413111077411e-01,1.006969768236145812e+00,1.441929783746884277e+04,1.451979700152395890e+04,3.500000000000000000e+01,1.818110000000000000e+05,5.438400000000000000e+04,1.918808559306078632e+00,3.096369983618472599e+00,5.448242052103966060e+00,7.598203678360015090e+00,4.888713510032080478e+01,1.337018280247310464e+01,-8.348082666419287534e-03
8.067665401911009448e-01,1.005912433462013089e+00,1.437050259484687012e+04,1.445546723525458765e+04,2.900000000000000000e+01,1.811010000000000000e+05,5.363700000000000000e+04,1.927501540437764671e+00,3.127844573473685941e+00,5.534482017538773668e+00,7.701429883402116872e+00,5.028003110055021807e+01,1.362052797154541928e+01,-4.032258073532801745e-03
8.153986267573559710e-01,1.019932794593446879e+00,2.246219922462612521e+04,2.290993362788767990e+04,3.300000000000000000e+01,2.850390000000000000e+05,7.796700000000000000e+04,1.276437212706228674e+00,1.249536120182527910e+00,1.398326272334507347e+00,2.304461892190648342e+00,4.136742834155544557e+00,2.575987915563638708e+00,-1.579062894025540231e-03
8.118685694911825790e-01,1.017225764518429054e+00,2.240424183580772296e+04,2.279017202988528152e+04,4.500000000000000000e+01,2.839380000000000000e+05,7.906800000000000000e+04,1.282517514612665277e+00,1.261614593303432841e+00,1.416290359636525498e+00,2.334409903361670313e+00,4.244647785426739262e+00,2.622046385143182334e+00,-3.711382451438982599e-03
8.118736073822365729e-01,1.009544324098350154e+00,1.172693979270311320e+04,1.183886550676651132e+04,3.000000000000000000e+01,1.480490000000000000e+05,4.467100000000000000e+04,2.315857650333007278e+00,4.653631362171499752e+00,1.004409779442540263e+01,1.321717797681248641e+01,1.522872600281264113e+02,2.851246202304562516e+01,-7.395464896262637922e-03
8.144426535711181137e-01,1.007532660645533928e+00,1.170140097437048826e+04,1.178954365698774018e+04,2.700000000000000000e+01,1.475820000000000000e+05,4.557800000000000000e+04,2.321238594960712831e+00,4.673160349427561755e+00,1.009723813949545779e+01,1.329856741760030658e+01,1.541021109744596913e+02,2.874816933600816071e+01,-7.521657879422605220e-03
8.070566709018643925e-01,1.018798641705764174e+00,1.162830989420094920e+04,1.184690632554562580e+04,1.900000000000000000e+01,1.474820000000000000e+05,4.347100000000000000e+04,2.333542739107647535e+00,4.727611424636622317e+00,1.027999313236361090e+01,1.351004148685541750e+01,1.592140639962310047e+02,2.937497554118175813e+01,-3.102084864413257037e-02
8.074523389485473990e-01,1.009570367256670043e+00,1.163728500578904823e+04,1.174865809716498916e+04,1.400000000000000000e+01,1.469280000000000000e+05,4.185600000000000000e+04,2.329787632060506652e+00,4.712417716766021947e+00,1.023154683982044588e+01,1.344878311163885343e+01,1.577593582761459743e+02,2.919475708521393997e+01,-1.535609731159581770e-02
8.084469919790893133e-01,1.012376936063325905e+00,1.154980364988594556e+04,1.169275483120455283e+04,1.500000000000000000e+01,1.460270000000000000e+05,4.015900000000000000e+04,2.354989373662380814e+00,4.821616781574548760e+00,1.058721864251415745e+01,1.387967130766667978e+01,1.682517953560538331e+02,3.047723069472007040e+01,-2.817777447008040781e-02
8.070396382493617571e-01,1.011822744921246686e+00,1.145937532458526948e+04,1.159485659600466897e+04,1.200000000000000000e+01,1.448440000000000000e+05,4.005200000000000000e+04,2.368986183590899408e+00,4.884447338020138751e+00,1.079895636591231778e+01,1.412705402233908814e+01,1.744890974435421924e+02,3.122189807348216561e+01,-2.860470662335501402e-02
8.094558531161882842e-01,1.011148362959156888e+00,1.154321021654576543e+04,1.167189811375366662e+04,1.600000000000000000e+01,1.458450000000000000e+05,4.118100000000000000e+04,2.358458858579568496e+00,4.837102459881887029e+00,1.064034197907030155e+01,1.394075931724265693e+01,1.697881721086571645e+02,3.066048732581383263e+01,-2.381068223327531541e-02
8.095977514639122186e-01,1.008214091185423378e+00,1.150035514869893632e+04,1.159482011455510292e+04,1.100000000000000000e+01,1.451020000000000000e+05,3.893800000000000000e+04,2.367739260308598936e+00,4.877736782522479331e+00,1.077203365606480645e+01,1.410211262603109716e+01,1.738101424120875436e+02,3.114535953591966333e+01,-2.257439174969988471e-02
8.094006564646353263e-01,1.001557835548512188e+00,1.549973368681014654e+04,1.552387972293992971e+04,2.600000000000000000e+01,1.949090000000000000e+05,5.810000000000000000e+04,1.808150308631928382e+00,2.719305279538053455e+00,4.484870241969936444e+00,6.382452327454483765e+00,3.414729532401470635e+01,1.052486568154078306e+01,3.054182942641148202e-04
8.056798770696284029e-01,1.004639825131322661e+00,1.539255620047004777e+04,1.546397496956428586e+04,1.300000000000000000e+01,1.938670000000000000e+05,5.513300000000000000e+04,1.808218276382041800e+00,2.719087906848996372e+00,4.482991470100660791e+00,6.382228367276264080e+00,3.413834491875677912e+01,1.052407560678119047e+01,-4.739573322023460378e-03
8.095537939563431928e-01,1.011563633790562688e+00,1.151983838833646223e+04,1.165304958078565141e+04,2.000000000000000000e+01,1.455880000000000000e+05,4.102000000000000000e+04,2.365615686596473033e+00,4.869175697347253085e+00,1.074783020702539105e+01,1.406697641299297530e+01,1.729663151214697905e+02,3.104048239846151347e+01,-2.353478170677192338e-02
8.062316625149202887e-01,1.006520001304534562e+00,1.148218648936759200e+04,1.155705036025717709e+04,9.000000000000000000e+00,1.447500000000000000e+05,4.014600000000000000e+04,2.362963927151491728e+00,4.856795920138948119e+00,1.070332506117250482e+01,1.401881608094430121e+01,1.717221675791289499e+02,3.089486194720888435e+01,-2.002932210456265238e-02
8.129022446122858847e-01,1.011515283739157889e+00,1.152978823166008988e+04,1.166255701460006094e+04,2.000000000000000000e+01,1.457040000000000000e+05,4.133200000000000000e+04,2.354473670604509294e+00,4.817314639783048413e+00,1.056675413399134733e+01,1.386572829261411144e+01,1.678358867099407803e+02,3.043302878022537072e+01,-1.750672854039692083e-02
