Shape_circ, Shape_eccent, Shape_e1, Shape_e2, Shape_corn, White_box, Black_box, Hu1, Hu2, Hu3, Hu4, Hu5, Hu6, Hu7
8.056056132081230725e-01,1.021026370327023480e+00,1.595363775317316686e+04,1.628908484863456943e+04,2.100000000000000000e+01,2.025600000000000000e+05,5.600600000000000000e+04,1.744005907948670053e+00,2.511878164699712368e+00,3.981765867213723720e+00,5.740776691150918154e+00,2.744692988170426773e+01,9.098500727721832604e+00,-1.529255435003840091e-02
8.033499135144415160e-01,1.001206527788996103e+00,2.772722043616074734e+04,2.776067409812859842e+04,4.500000000000000000e+01,3.486190000000000000e+05,9.493700000000000000e+04,1.080662057492341788e+00,8.492628035686226040e-01,7.828027097902480191e-01,1.416628266594373908e+00,1.491797977631891037e+00,1.305500235142540211e+00,9.823680614229335362e-05
8.076875584948824960e-01,1.002213295285484529e+00,2.768176818933556569e+04,2.774303611636289861e+04,3.600000000000000000e+01,3.482270000000000000e+05,9.532900000000000000e+04,1.078222106155083182e+00,8.445915001392878541e-01,7.760312635672015347e-01,1.407093163948974990e+00,1.470360630146025915e+00,1.293141961724568745e+00,-4.774953153265926176e-04
8.131171001258727937e-01,1.004478772400785980e+00,4.132286055822190247e+04,4.150793624561159231e+04,3.700000000000000000e+01,5.204220000000000000e+05,1.413540000000000000e+05,7.713341438868177580e-01,3.749833549590471660e-01,2.298096545631311827e-01,5.302432481749062010e-01,1.850959116023684903e-01,3.246991389782687976e-01,-6.826959377501107262e-05
8.140675758897644165e-01,1.003556268042241406e+00,4.147296523156786134e+04,4.162045421243787860e+04,5.000000000000000000e+01,5.220710000000000000e+05,1.437840000000000000e+05,7.686186368604692731e-01,3.714374142974659621e-01,2.262124894675224263e-01,5.246045696273395897e-01,1.807200544522353236e-01,3.197237427487920058e-01,-8.197981486773864290e-05
8.111355318564898997e-01,1.009765799048464974e+00,4.168295664874513750e+04,4.127982616169445828e+04,3.800000000000000000e+01,5.212410000000000000e+05,1.421570000000000000e+05,7.759664606406896370e-01,3.813966427353341349e-01,2.366132788641200357e-01,5.402647686045133346e-01,1.931654575509728078e-01,3.336530353780545743e-01,1.024447227038344232e-04
8.117367767587527760e-01,1.002571100243944802e+00,4.128880649793901830e+04,4.139496415839806286e+04,4.700000000000000000e+01,5.195000000000000000e+05,1.398430000000000000e+05,7.738059084363767548e-01,3.777565631125361367e-01,2.321126478203962007e-01,5.349726261368314972e-01,1.885153299694337092e-01,3.288043595801397045e-01,-1.076214528510782698e-04
8.065595790304574964e-01,1.012304860659345662e+00,2.480891381724102393e+04,2.511418404487189036e+04,3.200000000000000000e+01,3.136580000000000000e+05,8.829800000000000000e+04,1.179437597015889461e+00,1.041598174023635970e+00,1.064142653013738782e+00,1.829035918363203006e+00,2.551721261808539865e+00,1.866690385160297394e+00,-1.154050026616504354e-03
8.073410502566235047e-01,1.004638494659501058e+00,2.485150431596969429e+04,2.496677788601988868e+04,3.900000000000000000e+01,3.130030000000000000e+05,8.895300000000000000e+04,1.174209438024758523e+00,1.029772566855002180e+00,1.044279873117403667e+00,1.803898447428162521e+00,2.475862822274328856e+00,1.830554823918929097e+00,-2.682970052714228615e-04
8.069485176707581475e-01,1.013661018141107206e+00,4.195428889540929231e+04,4.252742719710672827e+04,4.700000000000000000e+01,5.307870000000000000e+05,1.506630000000000000e+05,7.656682467268423053e-01,3.675616345844869848e-01,2.227486040159325498e-01,5.184852375840797167e-01,1.762022651133269835e-01,3.143412816302403878e-01,-2.933332214137690519e-04
8.096745454652916063e-01,1.007186209001176724e+00,4.191088043534923781e+04,4.221206078158098535e+04,4.400000000000000000e+01,5.285440000000000000e+05,1.504280000000000000e+05,7.663632047125275015e-01,3.689588252425067827e-01,2.244376594868271735e-01,5.203686043211293022e-01,1.778338290979845082e-01,3.160821871023470342e-01,-1.294210989916805277e-04
8.070712216013349316e-01,1.010638727144972160e+00,2.528950992363001933e+04,2.555855811933758378e+04,3.000000000000000000e+01,3.194650000000000000e+05,9.074500000000000000e+04,1.170162247741367789e+00,1.023265938314220858e+00,1.036999972740554554e+00,1.788078621983635319e+00,2.434833200435352119e+00,1.808759593570128610e+00,-1.419141370863741258e-03
8.126954307400788835e-01,1.013431531360958537e+00,2.535907527020989801e+04,2.569968648498663242e+04,3.700000000000000000e+01,3.207890000000000000e+05,9.394300000000000000e+04,1.157014816943554125e+00,9.946421790523372053e-01,9.900165846160973171e-01,1.727209268480800253e+00,2.258596276790595603e+00,1.722575819642851558e+00,-1.252711240364412504e-03
8.099134053940117983e-01,1.011502777228828309e+00,4.322690147217333288e+04,4.372413089010025578e+04,2.800000000000000000e+01,5.463100000000000000e+05,1.550840000000000000e+05,7.452511601658546869e-01,3.430311148265071108e-01,2.004563579841545651e-01,4.789722403758986391e-01,1.484140494980826785e-01,2.805285482116008922e-01,-2.060590863293965125e-04
8.080889402944804178e-01,1.013762281101185936e+00,4.320305979265491624e+04,4.379763244595278229e+04,4.300000000000000000e+01,5.466150000000000000e+05,1.564610000000000000e+05,7.422250137091190858e-01,3.396991129076760707e-01,1.977153357476992834e-01,4.734997057740821802e-01,1.448768995367732126e-01,2.759731668998252063e-01,-2.418824398879165782e-04
8.128658242640750542e-01,1.011260730109869055e+00,1.854153535532680689e+04,1.875032658078573513e+04,3.600000000000000000e+01,2.342890000000000000e+05,6.931100000000000000e+04,1.531891208430182116e+00,1.884236469352561727e+00,2.586151647476687465e+00,3.925336143479245976e+00,1.250668632415498038e+01,5.388210083902263747e+00,-3.391626047243079256e-03
8.068435002324612082e-01,1.015306821814123017e+00,1.866703746002776097e+04,1.895277047622596729e+04,4.000000000000000000e+01,2.363430000000000000e+05,6.946500000000000000e+04,1.516746084911295700e+00,1.840614363505032047e+00,2.493308056542711704e+00,3.809019607873752378e+00,1.173836800280791159e+01,5.167667720711683899e+00,-6.268642891398279460e-03
8.071713543877991892e-01,1.008545990245192536e+00,3.248059075966344608e+04,3.275816957145362176e+04,5.100000000000000000e+01,4.098820000000000000e+05,1.208280000000000000e+05,9.347329794281882265e-01,6.025365592214304566e-01,4.688699020879666390e-01,9.291805725460458021e-01,6.133047833899546442e-01,7.212599564632125038e-01,-1.106368218338760201e-04
8.096371876217056673e-01,1.007049016793380547e+00,3.273011282815254526e+04,3.250101264422155145e+04,4.900000000000000000e+01,4.098370000000000000e+05,1.186920000000000000e+05,9.366916944701453307e-01,6.046678582021461912e-01,4.701830975197459628e-01,9.338610122215404985e-01,6.188092162738916269e-01,7.261739524947625757e-01,4.193483390149133072e-04
8.128118289779612260e-01,1.023627760552736410e+00,4.461522119644355553e+04,4.566937895988049422e+04,2.900000000000000000e+01,5.672210000000000000e+05,1.569440000000000000e+05,7.231278827080057647e-01,3.182318108202537021e-01,1.797902483417641861e-01,4.391711993590294294e-01,1.234047522805557240e-01,2.477453235419192767e-01,-3.706482363241211941e-04
8.105065784692012665e-01,1.015336310046328849e+00,4.511106811921488406e+04,4.580290544641222368e+04,4.600000000000000000e+01,5.712000000000000000e+05,1.589580000000000000e+05,7.173894237970542820e-01,3.116119865186752214e-01,1.738122481128014374e-01,4.289046616423181080e-01,1.171062876418348386e-01,2.394240467598853228e-01,-2.664816976934852866e-04
8.078863834212148820e-01,1.015272515530128983e+00,2.442786882720157519e+04,2.480094383323296643e+04,3.000000000000000000e+01,3.092910000000000000e+05,8.949900000000000000e+04,1.203347702161334132e+00,1.090817727623837996e+00,1.140311035457099553e+00,1.939147303270247535e+00,2.883551933142384449e+00,2.025288121460632862e+00,-1.825424585051305115e-03
8.105677361915473167e-01,1.019755143583003454e+00,2.459579232303848039e+04,2.508168573191784162e+04,2.200000000000000000e+01,3.121070000000000000e+05,8.794900000000000000e+04,1.185612410761138102e+00,1.050841647714613636e+00,1.073020913863471426e+00,1.852560121750871591e+00,2.611935686659143663e+00,1.899069739640682375e+00,-1.595030338789271696e-03
8.055541609466918551e-01,1.009624669585612144e+00,2.845302635957010352e+04,2.872687733699167438e+04,5.200000000000000000e+01,3.592500000000000000e+05,1.038280000000000000e+05,1.052769122226565379e+00,7.984002053355100381e-01,7.132508245394830748e-01,1.312352507146249403e+00,1.269687553637655730e+00,1.172629430986455112e+00,-5.223298484188232393e-04
8.084281053661204197e-01,1.004082305670273012e+00,2.860921240354968904e+04,2.872600395356674198e+04,4.400000000000000000e+01,3.602290000000000000e+05,1.042130000000000000e+05,1.044399669303367251e+00,7.834927600869726616e-01,6.931319084425453525e-01,1.282139117856161192e+00,1.208678060836391843e+00,1.134887045046345522e+00,-4.703784449490155950e-04
8.092024450037104133e-01,1.023152567903879318e+00,2.605204285269866159e+04,2.665521454388054190e+04,2.800000000000000000e+01,3.311350000000000000e+05,9.201500000000000000e+04,1.125807294724736174e+00,9.345361026838794327e-01,9.040205759880237668e-01,1.596269474398796628e+00,1.917556566139544394e+00,1.543135475295730696e+00,-2.202952622332832178e-03
8.104302385630229866e-01,1.012691542604014616e+00,2.608943883289226505e+04,2.642055405735474778e+04,2.500000000000000000e+01,3.299130000000000000e+05,9.258700000000000000e+04,1.129503240783076290e+00,9.409243745529539682e-01,9.118286112584523817e-01,1.610585184063996866e+00,1.951785186627775115e+00,1.562287673566020718e+00,-1.565010038193204167e-03
8.053146909034532008e-01,1.010888623216545046e+00,2.662435023652603195e+04,2.691425275463689468e+04,3.400000000000000000e+01,3.363700000000000000e+05,9.524300000000000000e+04,1.112934634775554432e+00,9.096896794057667268e-01,8.678661316724878283e-01,1.543442971878652425e+00,1.786331995278958695e+00,1.472099540247262528e+00,-1.046211547612196924e-03
8.111881881626953339e-01,1.005253785860222404e+00,2.662047701209243314e+04,2.676033529781093966e+04,3.200000000000000000e+01,3.353840000000000000e+05,9.102100000000000000e+04,1.114229762467969120e+00,9.118838964051531049e-01,8.704160626370144316e-01,1.548325720082446733e+00,1.797450340100490207e+00,1.478536642589984407e+00,-7.726574572546329733e-04
8.141374897249057385e-01,1.009895364281250263e+00,3.584643147341369331e+04,3.620114497102599853e+04,4.400000000000000000e+01,4.526650000000000000e+05,1.272170000000000000e+05,8.641370417606146770e-01,4.970808599056731891e-01,3.506523193576999708e-01,7.383019647462107926e-01,3.756550723381362200e-01,5.205320882301366359e-01,-2.981796591714769296e-04
8.131092474970283979e-01,1.004587218674086957e+00,3.615366625734602712e+04,3.631951103033843538e+04,6.000000000000000000e+01,4.553460000000000000e+05,1.252980000000000000e+05,8.616539486600411912e-01,4.935147155290573462e-01,3.465863574795209900e-01,7.320595829318349290e-01,3.687442949671954628e-01,5.142762580475046530e-01,-2.050830282755711220e-04
8.092134305520392035e-01,1.011494901508821265e+00,4.355943981190209161e+04,4.406015128231933340e+04,7.700000000000000000e+01,5.504990000000000000e+05,1.559390000000000000e+05,7.403197796847503787e-01,3.381208352923201210e-01,1.969335664570019406e-01,4.705356441041886884e-01,1.432347447354777037e-01,2.736077878096186411e-01,-1.644506287291069846e-04
8.107029232462340529e-01,1.004506714334044482e+00,4.351938478788774955e+04,4.371551422312012437e+04,6.700000000000000000e+01,5.480950000000000000e+05,1.566630000000000000e+05,7.438700100889763522e-01,3.419750198675510777e-01,2.000379699651151921e-01,4.768899373950338250e-01,1.472934215782303324e-01,2.788786989613042944e-01,-1.031736972709890177e-04
8.086981563203713419e-01,1.015962851951003776e+00,2.357562817511814501e+04,2.395196243732946823e+04,1.700000000000000000e+01,2.986070000000000000e+05,8.269700000000000000e+04,1.227739336225603495e+00,1.142321661458782556e+00,1.221551324413741924e+00,2.056052428986793856e+00,3.258419749235433649e+00,2.197497073252354216e+00,-2.292257819471510416e-03
8.073678961292319878e-01,1.012162964220520767e+00,2.365882483694794428e+04,2.394658627693930976e+04,1.500000000000000000e+01,2.990990000000000000e+05,8.282400000000000000e+04,1.224756045496356638e+00,1.134956183687345188e+00,1.208072857307921355e+00,2.040118635856431162e+00,3.202798409323142081e+00,2.173426322217599349e+00,-2.104842468419798607e-03
8.087299951411874854e-01,1.014804868593673470e+00,2.353474359330124935e+04,2.388317237958587066e+04,3.800000000000000000e+01,2.979100000000000000e+05,8.401400000000000000e+04,1.235128501773660403e+00,1.158249551483229611e+00,1.247601766018540115e+00,2.092510798770349290e+00,3.380955762073831750e+00,2.252001660077806555e+00,-1.835584896285658019e-03
8.088526090454672968e-01,1.011175433637462318e+00,2.400879847510447144e+04,2.427710720917820800e+04,2.800000000000000000e+01,3.033680000000000000e+05,8.536400000000000000e+04,1.217955175932798451e+00,1.122062256696348737e+00,1.190061089187394172e+00,2.009368803664629333e+00,3.107234863631179955e+00,2.128472785868662509e+00,-1.149203191338932228e-03
8.084816167364303752e-01,1.008599655243962667e+00,2.369560723631152359e+04,2.389938128934015185e+04,3.500000000000000000e+01,2.990300000000000000e+05,8.289400000000000000e+04,1.226257948728531222e+00,1.138457712960886825e+00,1.213960676639433300e+00,2.047851729501668494e+00,3.228866105886275317e+00,2.185027644060211216e+00,-1.337227911032856653e-03
8.094529588375958262e-01,1.007907923023552810e+00,2.402962767754188462e+04,2.421965212350052025e+04,2.400000000000000000e+01,3.031430000000000000e+05,8.248900000000000000e+04,1.212694017555183024e+00,1.109272723286176099e+00,1.166962704855331268e+00,1.981838071860342110e+00,3.013913049116478504e+00,2.087311748220202379e+00,-9.176272090691828254e-04
8.101065081097845733e-01,1.013105407022288018e+00,4.616223756067322392e+04,4.676721247296540241e+04,2.700000000000000000e+01,5.838690000000000000e+05,1.608840000000000000e+05,7.085144376746875805e-01,3.021618674212112055e-01,1.664732923490863936e-01,4.139090972801858781e-01,1.086498907931701119e-01,2.275227095258217647e-01,-1.560521450792023979e-04
8.110625077391209192e-01,1.007456407245738816e+00,4.638859252996112627e+04,4.673448476742115599e+04,3.100000000000000000e+01,5.850960000000000000e+05,1.665770000000000000e+05,7.040292782515936709e-01,2.966351687857233799e-01,1.612826613980636314e-01,4.057643074311363396e-01,1.038016803573886260e-01,2.209963734027755311e-01,-1.044674852955160271e-04
8.084827305821069565e-01,1.011817281384567613e+00,2.472793842173822850e+04,2.502015542812816784e+04,3.600000000000000000e+01,3.125610000000000000e+05,8.876100000000000000e+04,1.184773903444447551e+00,1.051269701705446868e+00,1.077059290928663149e+00,1.851604120644125384e+00,2.614820780369186082e+00,1.898476246420881086e+00,-1.644605677887600592e-03
8.091133868497423220e-01,1.003996555185978634e+00,2.483266001270028573e+04,2.493190510885568438e+04,3.200000000000000000e+01,3.126680000000000000e+05,8.865400000000000000e+04,1.180714766265906324e+00,1.043471073330858978e+00,1.065669267636568440e+00,1.833823660917851317e+00,2.563583973347764111e+00,1.873258765237465484e+00,-9.651835963702115606e-04
8.115425548417978252e-01,1.016337869355535162e+00,3.901191416788189963e+04,3.964928572486610210e+04,3.200000000000000000e+01,4.942100000000000000e+05,1.362250000000000000e+05,8.068011836060486885e-01,4.201767208096399142e-01,2.729685471868407154e-01,6.050197440902629342e-01,2.458726598373069949e-01,3.921800166908426810e-01,-3.278458554236141076e-04
8.104349328686839549e-01,1.013202174622229279e+00,4.010726869548905961e+04,4.063677186042757239e+04,3.500000000000000000e+01,5.073070000000000000e+05,1.431330000000000000e+05,7.869118221341373509e-01,3.932738782206358641e-01,2.457873507663846380e-01,5.611169373204365485e-01,2.083816899087228003e-01,3.518851082447314593e-01,-2.348001979628061564e-04
8.102895955766834524e-01,1.014153311071366081e+00,5.557359770582414058e+04,5.636014812150962825e+04,3.100000000000000000e+01,7.032700000000000000e+05,1.973060000000000000e+05,6.136943542848779520e-01,2.068058536680357218e-01,9.419447473870974641e-02,2.716532624017808373e-01,4.345443151028527407e-02,1.235367863660211674e-01,-9.460457001440533698e-05
8.099087858620881430e-01,1.011607478773782542e+00,5.721989418587514228e+04,5.788407289307577594e+04,5.500000000000000000e+01,7.231920000000000000e+05,2.031720000000000000e+05,6.004613518186301402e-01,1.945007315959232652e-01,8.552360018559745924e-02,2.544551166460233826e-01,3.753689880125847533e-02,1.122203930127164545e-01,-9.463066400094630182e-05
8.102540958305645136e-01,1.016305009841647733e+00,1.955093155433101128e+04,1.986970968573776190e+04,3.500000000000000000e+01,2.476680000000000000e+05,7.154100000000000000e+04,1.445379666288063358e+00,1.655738990914394915e+00,2.132956839472267774e+00,3.313675609255961163e+00,8.809595945620962709e+00,4.263888741187951581e+00,-3.306957791028963811e-03
8.097380021876464662e-01,1.015597607096974553e+00,1.952102549075447314e+04,1.982550677648928831e+04,1.700000000000000000e+01,2.472020000000000000e+05,6.920200000000000000e+04,1.453252241515071486e+00,1.676237865993792209e+00,2.173033628094758640e+00,3.367029017090204857e+00,9.107590547330298492e+00,4.359278630088537554e+00,-2.364994053780655747e-03
8.055891288329909417e-01,1.010612104596592120e+00,1.959580350652253037e+04,1.980375622298801318e+04,3.000000000000000000e+01,2.475360000000000000e+05,7.281900000000000000e+04,1.450412982588501487e+00,1.666996863799171003e+00,2.151185359885880999e+00,3.344772711294453416e+00,8.971990525220425283e+00,4.318510397472996587e+00,-3.192277886409300436e-03
8.084040040990631004e-01,1.008924569983312036e+00,1.946963895542360115e+04,1.964339711083109796e+04,1.700000000000000000e+01,2.457400000000000000e+05,6.785600000000000000e+04,1.463669889929102519e+00,1.701579148060907709e+00,2.219576459357958775e+00,3.435278005769761833e+00,9.485885248764947875e+00,4.481134123844769945e+00,-2.994461839749718024e-03
8.080442644700392973e-01,1.018249233413726085e+00,2.444268742551952528e+04,2.488874773360657855e+04,3.300000000000000000e+01,3.099290000000000000e+05,9.075900000000000000e+04,1.192887674669848241e+00,1.069013523843239222e+00,1.105485967497006117e+00,1.890285741775064476e+00,2.732547424762148403e+00,1.954424699913648977e+00,-1.824314536386761887e-03
8.089542911674126868e-01,1.008687437075646676e+00,2.464108580103645363e+04,2.485515368340856730e+04,5.100000000000000000e+01,3.109780000000000000e+05,9.034400000000000000e+04,1.185276103881985454e+00,1.052430236414615639e+00,1.078758416856463898e+00,1.854071535618568856e+00,2.622115413316798982e+00,1.902055218735520636e+00,-8.896475758481958707e-04
8.095341298822483767e-01,1.022044603022548737e+00,3.477762136377136630e+04,3.554428022080421943e+04,3.600000000000000000e+01,4.418010000000000000e+05,1.236670000000000000e+05,8.808932187169291605e-01,5.211270237755152301e-01,3.764882800499896875e-01,7.809589396575998821e-01,4.234649259489878803e-01,5.637672083181202165e-01,-6.959446719659034830e-04
8.104822135728189103e-01,1.013162324842940443e+00,3.528416194687053212e+04,3.574858354822616093e+04,1.600000000000000000e+01,4.462940000000000000e+05,1.259920000000000000e+05,8.766836945170179973e-01,5.146363479634542548e-01,3.688182863864640781e-01,7.696726974622941642e-01,4.100766312458017371e-01,5.521489396165969454e-01,-5.004437872072609039e-04
8.114655914380645152e-01,1.014365016334120018e+00,4.113295041832466086e+04,4.172382592295444192e+04,2.100000000000000000e+01,5.205770000000000000e+05,1.444510000000000000e+05,7.701374249180258369e-01,3.739633287580373944e-01,2.291535296212951489e-01,5.282597905413520811e-01,1.837952902124584953e-01,3.230442432299099331e-01,-1.889216363740453541e-04
8.110716181711853379e-01,1.012599745951138219e+00,4.104582085144808661e+04,4.156298776653226378e+04,4.000000000000000000e+01,5.190230000000000000e+05,1.427470000000000000e+05,7.702677000999333945e-01,3.732359861777756471e-01,2.276357544830649449e-01,5.276969880699248217e-01,1.828928546186412984e-01,3.223861043873682553e-01,-2.553114316272558915e-04
8.125274081343725197e-01,1.005586156472250137e+00,2.895150835664699844e+04,2.911323601243488520e+04,4.900000000000000000e+01,3.648100000000000000e+05,1.003140000000000000e+05,1.033783381971411952e+00,7.649121558623397377e-01,6.688406302072009701e-01,1.244633495929032829e+00,1.135595178468181254e+00,1.088547172321084222e+00,-2.529925828852475078e-04
8.090439361722709943e-01,1.009982288245647952e+00,2.913260185328737134e+04,2.942341188233258799e+04,2.700000000000000000e+01,3.679010000000000000e+05,1.006370000000000000e+05,1.024997712172919240e+00,7.489078749742781316e-01,6.466936460270691356e-01,1.213200537024460068e+00,1.074603095443984913e+00,1.049897171591345879e+00,-7.311420584442673842e-04
8.062483360206844640e-01,1.022340973699527478e+00,1.579700055034658726e+04,1.614992092417330241e+04,2.000000000000000000e+01,2.007060000000000000e+05,5.633400000000000000e+04,1.751078914859764080e+00,2.535443041122966701e+00,4.040743070522777813e+00,5.811390338512115505e+00,2.816116728445782513e+01,9.253517805717180522e+00,-1.155549535616096080e-02
8.066260272572236545e-01,1.023640745175979916e+00,1.584613458943075057e+04,1.622074901928376312e+04,2.000000000000000000e+01,2.014570000000000000e+05,5.660300000000000000e+04,1.735233063888154792e+00,2.482093938684107215e+00,3.905241789362292160e+00,5.652587537471614354e+00,2.655796778710356065e+01,8.905458492817862393e+00,-1.499171888472616843e-02
8.097263324186021460e-01,1.009979001111796837e+00,3.038613084638813234e+04,3.068935407988744191e+04,3.000000000000000000e+01,3.837300000000000000e+05,1.041720000000000000e+05,9.951263773705234517e-01,6.995959753211311583e-01,5.859892633119747618e-01,1.114699939040201038e+00,9.009107219198471128e-01,9.323556404855218860e-01,-3.861512583343551519e-04
8.070907370310834716e-01,1.008374919203548270e+00,3.041702341728489773e+04,3.067176353081709749e+04,2.900000000000000000e+01,3.838150000000000000e+05,1.040870000000000000e+05,9.919570882422653613e-01,6.930444582572088397e-01,5.762602010819275478e-01,1.102935613200024756e+00,8.792947960881210001e-01,9.181860403431362228e-01,-4.238566605478943927e-04
8.094624006287444162e-01,1.010683816373336485e+00,4.177744194806370069e+04,4.222378446638453897e+04,5.800000000000000000e+01,5.277710000000000000e+05,1.520270000000000000e+05,7.599981405355793473e-01,3.610274462551064101e-01,2.169945886056384721e-01,5.076399434244589504e-01,1.684836842803363599e-01,3.050182719063866399e-01,-1.918519199863438773e-04
8.116552547879772872e-01,1.012059462288498635e+00,4.174410139670781064e+04,4.224751281326867320e+04,3.700000000000000000e+01,5.277090000000000000e+05,1.520910000000000000e+05,7.616401347907679753e-01,3.630372384602522096e-01,2.186218186926995044e-01,5.108801280798924704e-01,1.707358316287894140e-01,3.078183780164600591e-01,-2.819676422108063907e-04
8.090141012333463832e-01,1.008760631231844451e+00,4.122851592954739317e+04,4.158970375384238287e+04,2.600000000000000000e+01,5.203430000000000000e+05,1.446770000000000000e+05,7.760789484089318790e-01,3.806935833203237141e-01,2.350432782628268935e-01,5.396992534031825883e-01,1.922212547886668066e-01,3.329964227750028538e-01,-2.003483265944766556e-04
8.074479845160450475e-01,1.007363991229883515e+00,4.130138358797433466e+04,4.160552661449823063e+04,4.900000000000000000e+01,5.208990000000000000e+05,1.457710000000000000e+05,7.743552018972648110e-01,3.782719038336768702e-01,2.324089487279160926e-01,5.359336578004383345e-01,1.891440551295508476e-01,3.296196217925766447e-01,-2.132854442808418405e-04
8.064463445084649740e-01,1.011548597313395526e+00,1.964049398602001384e+04,1.986731414210072398e+04,3.300000000000000000e+01,2.482110000000000000e+05,7.384500000000000000e+04,1.450131443859817182e+00,1.665476634384762011e+00,2.147666615811973045e+00,3.341614713277721194e+00,8.951956584899445346e+00,4.312465323261930550e+00,-3.191584660043211841e-03
8.053504808094048562e-01,1.010271248745897354e+00,1.972920551339603480e+04,1.993184909078305645e+04,3.600000000000000000e+01,2.491760000000000000e+05,7.288000000000000000e+04,1.440864238300844757e+00,1.642652603069486572e+00,2.104706709724533553e+00,3.281125010260695696e+00,8.622434872919384929e+00,4.205286688927206917e+00,-3.506727523697961146e-03
8.083920455587834120e-01,1.019442402571617334e+00,1.557931496959665310e+04,1.588221428302557433e+04,2.800000000000000000e+01,1.976550000000000000e+05,5.636000000000000000e+04,1.769211145249832917e+00,2.595087759132367111e+00,4.186627614998395863e+00,5.992707611809617418e+00,3.001696584040135463e+01,9.653816843923046065e+00,-6.082003447231087989e-03
8.123528671859738814e-01,1.009370553964397121e+00,1.560233438698768987e+04,1.574853690333152554e+04,3.100000000000000000e+01,1.969690000000000000e+05,5.805500000000000000e+04,1.774873710092301549e+00,2.609830681462835145e+00,4.213379557460231517e+00,6.042248713905433277e+00,3.048689416395131602e+01,9.761234473282167201e+00,-4.945704295693076347e-03
8.074144186576744930e-01,1.012082824644950252e+00,1.973505278744048701e+04,1.997350796962996537e+04,2.900000000000000000e+01,2.494790000000000000e+05,7.257100000000000000e+04,1.445421191908490055e+00,1.653765395517565517e+00,2.125189769537805695e+00,3.310611025280772779e+00,8.781345810873716573e+00,4.257405989796186674e+00,-2.212203047000649292e-03
8.072535321078992965e-01,1.007608740002852610e+00,1.988231993665408299e+04,2.003359933970561542e+04,2.200000000000000000e+01,2.507850000000000000e+05,7.411500000000000000e+04,1.434660337276089770e+00,1.626898287712583047e+00,2.074984252349186598e+00,3.240120678856473369e+00,8.401351528256075341e+00,4.132771266258426834e+00,-2.826435497296664323e-03
8.116723016609496133e-01,1.011672311252148182e+00,2.432998544054343074e+04,2.461397260336568434e+04,3.300000000000000000e+01,3.075010000000000000e+05,9.255500000000000000e+04,1.194710767808844665e+00,1.073503020750801618e+00,1.113703467841577144e+00,1.899690904990073648e+00,2.763179902422050027e+00,1.968269432640940453e+00,-1.182388453102145576e-03
8.091822152795551393e-01,1.010363973970280771e+00,2.436571498755642824e+04,2.461824062345474158e+04,3.900000000000000000e+01,3.077510000000000000e+05,9.040600000000000000e+04,1.198358005960916461e+00,1.078987541502052894e+00,1.118835901203358407e+00,1.913834811997841889e+00,2.800527633967055952e+00,1.987982869779633788e+00,-5.817469385527296311e-04
8.118485749519238626e-01,1.016965530856255073e+00,2.431677442426455309e+04,2.472932141108400901e+04,3.700000000000000000e+01,3.081290000000000000e+05,9.066100000000000000e+04,1.196212184793472577e+00,1.074220315054022601e+00,1.111232667902526394e+00,1.903442190612078200e+00,2.768292661914003361e+00,1.972814673511817496e+00,-1.122863595104162115e-03
8.110434253536182858e-01,1.014790144906420499e+00,2.428408701786260281e+04,2.464325218377691635e+04,3.900000000000000000e+01,3.073920000000000000e+05,8.886600000000000000e+04,1.199717517590503935e+00,1.081973239279420129e+00,1.123972361119977670e+00,1.920403885408296318e+00,2.821412232791566943e+00,1.997564289413559235e+00,-2.224072456673775733e-03
8.066892500580111758e-01,1.011145668254404884e+00,1.528007370208488646e+04,1.545038033447117959e+04,1.600000000000000000e+01,1.930720000000000000e+05,5.493100000000000000e+04,1.812833770615412288e+00,2.735498240297729478e+00,4.526081089598486429e+00,6.432485126116532115e+00,3.470798060641291727e+01,1.063890632006168069e+01,-5.345224183848529265e-03
8.067314467818529344e-01,1.005193526337496035e+00,1.530257039463483125e+04,1.538204469701075323e+04,2.300000000000000000e+01,1.927860000000000000e+05,5.422200000000000000e+04,1.809525612647217452e+00,2.722866278901352466e+00,4.490312958686871525e+00,6.394737142726714119e+00,3.426670532938153713e+01,1.055202594214497580e+01,-2.904222216198348860e-03
8.099122254703635670e-01,1.010265491948747929e+00,2.942909890827661729e+04,2.973120308617843330e+04,2.700000000000000000e+01,3.716990000000000000e+05,1.064530000000000000e+05,1.014229045536216844e+00,7.313855312761009531e-01,6.259980020636579656e-01,1.177582152138810123e+00,1.011051335076313062e+00,1.007080895566393020e+00,-6.459585281551882829e-04
8.077383073901803767e-01,1.010152936721780526e+00,2.938874604999643270e+04,2.968712812897452022e+04,2.600000000000000000e+01,3.711680000000000000e+05,1.035280000000000000e+05,1.017897834574583715e+00,7.371336228026461601e-01,6.323211931823353726e-01,1.189405294770410126e+00,1.031486537864919839e+00,1.021181503293869142e+00,-7.205876306648484331e-04
8.060426469906155633e-01,1.013420446590390656e+00,1.569332549318824204e+04,1.590393692979519255e+04,1.800000000000000000e+01,1.985110000000000000e+05,5.752500000000000000e+04,1.780538363847995686e+00,2.628496027917206934e+00,4.261552945042282659e+00,6.099688140401710257e+00,3.109892587620632298e+01,9.889202103455602355e+00,-2.998079319574742385e-03
8.084046051237758768e-01,1.017630596825274569e+00,1.561466814890361820e+04,1.588996406759739511e+04,2.200000000000000000e+01,1.979310000000000000e+05,5.658700000000000000e+04,1.772882375481869444e+00,2.602932470060320469e+00,4.196062799866508541e+00,6.021502799647409532e+00,3.026762217978094327e+01,9.714853930731372600e+00,-1.015165570347065227e-02
8.070815856129370802e-01,1.026064488660796359e+00,1.399259157843447611e+04,1.435730132296573538e+04,1.400000000000000000e+01,1.781030000000000000e+05,4.894300000000000000e+04,1.954603351649929710e+00,3.226572824793796812e+00,5.803498834290446773e+00,8.028433624349599285e+00,5.480133781649034574e+01,1.442120141366363661e+01,-1.738527215654173119e-02
8.102470190959234486e-01,1.007742986773534577e+00,1.421118902243260345e+04,1.432122607106950090e+04,1.600000000000000000e+01,1.792600000000000000e+05,4.874000000000000000e+04,1.933873947464724408e+00,3.148596706293915748e+00,5.583867910338643270e+00,7.772598077483673151e+00,5.120553112110683003e+01,1.379191967704063870e+01,-1.055668045117386100e-02
8.150342138474951925e-01,1.018710820545732920e+00,1.547988002229334597e+04,1.576952127945995198e+04,2.700000000000000000e+01,1.963210000000000000e+05,5.668400000000000000e+04,1.789692709552006988e+00,2.657969095005730420e+00,4.332379444887472175e+00,6.191621035216416047e+00,3.206784476620664037e+01,1.009437074247234811e+01,-1.003545783210313402e-02
8.075677023512296548e-01,1.015643351661373428e+00,1.540468836073165949e+04,1.564566931799244958e+04,3.000000000000000000e+01,1.950740000000000000e+05,5.541400000000000000e+04,1.784809077489284856e+00,2.644437250777406323e+00,4.304352882551167880e+00,6.146754571271318746e+00,3.161715103113034786e+01,9.995682664009317264e+00,-6.748051073468985805e-03
8.094025708987926393e-01,1.008241793890262139e+00,1.551393156507940694e+04,1.564179419146642431e+04,3.000000000000000000e+01,1.957400000000000000e+05,5.979000000000000000e+04,1.788381626397037794e+00,2.654076361863330291e+00,4.322943557830977390e+00,6.179017941842175787e+00,3.193514995528487788e+01,1.006644552479978039e+01,-5.830186095630907062e-03
8.048832762874656988e-01,1.010109877541184087e+00,1.538850751328996375e+04,1.554408343979091842e+04,2.600000000000000000e+01,1.943360000000000000e+05,5.867300000000000000e+04,1.793917070899909927e+00,2.672100433509633000e+00,4.366683750568043365e+00,6.235236130591584214e+00,3.253533047373136355e+01,1.019246597456422876e+01,-5.011134915260839762e-03
8.122172984905409177e-01,1.011990884252686573e+00,2.425424543431670463e+04,2.454507528395584814e+04,2.200000000000000000e+01,3.066010000000000000e+05,8.714900000000000000e+04,1.198596482675242658e+00,1.079895074881802142e+00,1.121652818367075533e+00,1.915485249504687904e+00,2.807678533632000040e+00,1.990533746975069906e+00,-1.504648879688152974e-03
8.107102279672705469e-01,1.010438821904058981e+00,2.418119489612674079e+04,2.443361808307474712e+04,3.200000000000000000e+01,3.054370000000000000e+05,8.581100000000000000e+04,1.206058226158266855e+00,1.095679890498178377e+00,1.146272527646282180e+00,1.950816478429011624e+00,2.917215437454861338e+00,2.042011687043074453e+00,-1.558053516113711012e-03
8.098619354329218423e-01,1.007115686224187900e+00,2.786281993601123759e+04,2.806108301999694231e+04,2.000000000000000000e+01,3.513680000000000000e+05,9.552400000000000000e+04,1.065213197765356945e+00,8.213308038010609380e-01,7.446664628746664238e-01,1.358742211668600097e+00,1.366741782249550230e+00,1.231391373497516151e+00,-4.896790216860624767e-04
8.062038780525251358e-01,1.003367991486617372e+00,2.786438508953944620e+04,2.795823210130084044e+04,3.300000000000000000e+01,3.507260000000000000e+05,9.616000000000000000e+04,1.067340235736143006e+00,8.243650840805268887e-01,7.478592669551873406e-01,1.365663271098800369e+00,1.380147105128322060e+00,1.239947858306710282e+00,-2.103623633876727794e-04
8.079603045113391557e-01,1.007467014269450400e+00,2.396940968892994351e+04,2.414838961310748709e+04,2.300000000000000000e+01,3.023210000000000000e+05,8.393500000000000000e+04,1.220234944616492401e+00,1.125947156026360974e+00,1.195073814701336445e+00,2.019033088449922353e+00,3.136263243235111631e+00,2.142409182093957920e+00,-7.263993909629729018e-04
8.058687977721427087e-01,1.006305144777914995e+00,2.399095725523575311e+04,2.414222371409078551e+04,3.400000000000000000e+01,3.024140000000000000e+05,8.260600000000000000e+04,1.211983027943331015e+00,1.108393431611984781e+00,1.166976784254773802e+00,1.979292061974842643e+00,3.008125216201881891e+00,2.083803871955143716e+00,-9.636785019371263417e-04
8.088454709634016471e-01,1.013707715879972548e+00,1.170782979377659285e+04,1.186831739816075969e+04,1.500000000000000000e+01,1.481200000000000000e+05,4.592000000000000000e+04,2.317071601676472525e+00,4.657521214252540176e+00,1.005468562583233449e+01,1.323415994963381515e+01,1.526612486047126822e+02,2.856102380175170197e+01,-2.729613768715921651e-02
8.077923509344363540e-01,1.012469272243847307e+00,1.169208601963600086e+04,1.183787782331332346e+04,1.200000000000000000e+01,1.478300000000000000e+05,4.357600000000000000e+04,2.327654917043730620e+00,4.703223380432531187e+00,1.020308001191250824e+01,1.341275337212323215e+01,1.569070837903645952e+02,2.908812436712456062e+01,-2.099935987668288817e-02
8.085989646336217973e-01,1.012707725341181586e+00,2.429932712479315887e+04,2.460811629987055494e+04,2.200000000000000000e+01,3.072770000000000000e+05,8.835500000000000000e+04,1.203521565192950948e+00,1.091084700171869537e+00,1.140323718004800702e+00,1.939825426637693528e+00,2.885080853248035204e+00,2.026244390996607692e+00,-1.536468461521556250e-03
8.093074579676275970e-01,1.007761814488261187e+00,2.433741250795314409e+04,2.452631498896416451e+04,2.400000000000000000e+01,3.070080000000000000e+05,8.674600000000000000e+04,1.200801629085135325e+00,1.084622601820226073e+00,1.128743895912095452e+00,1.925978193897861068e+00,2.839714762674549142e+00,2.005814061197385811e+00,-1.167556914674072743e-03
8.088067844580016930e-01,1.010792693679966492e+00,3.609975609996176354e+04,3.648936970947014925e+04,2.800000000000000000e+01,4.560720000000000000e+05,1.253340000000000000e+05,8.614116722393332370e-01,4.929106900266321811e-01,3.459655658712033066e-01,7.311915541470228597e-01,3.677586939801186228e-01,5.133519798500659759e-01,-3.855889995648398294e-04
8.095005064119272786e-01,1.008133201222888520e+00,3.578157599716752156e+04,3.607259475482456037e+04,3.800000000000000000e+01,4.514580000000000000e+05,1.291860000000000000e+05,8.692256196052170480e-01,5.042662214083875050e-01,3.581778847989067760e-01,7.510239555921234267e-01,3.895201408436991253e-01,5.333148823620077472e-01,-3.239278249947408206e-04
8.109400156317212449e-01,1.014962093106217766e+00,1.425340878741719280e+04,1.446666961677551080e+04,2.200000000000000000e+01,1.804350000000000000e+05,4.995600000000000000e+04,1.918221185815124352e+00,3.094430577661839266e+00,5.444244738031045472e+00,7.591618808311460853e+00,4.880568447030821488e+01,1.335441037862189795e+01,-4.437782197825868025e-03
8.064030879079143732e-01,1.008870538064642552e+00,1.376819156112982091e+04,1.389032282845411282e+04,1.500000000000000000e+01,1.737720000000000000e+05,5.043000000000000000e+04,1.994976018432722320e+00,3.371434209532953030e+00,6.193382833902767004e+00,8.521405657077083973e+00,6.190572619490296091e+01,1.564654928978401216e+01,-3.619053077503764371e-03
8.103468095681443106e-01,1.022620589844559058e+00,1.414741803272251673e+04,1.446744097340025110e+04,1.700000000000000000e+01,1.797690000000000000e+05,5.013100000000000000e+04,1.932264230403921257e+00,3.141658015315373031e+00,5.562573412058290145e+00,7.751118328851293704e+00,5.089608835678605203e+01,1.373863948688845404e+01,-1.636382393081703412e-02
8.077953077933182069e-01,1.012852565871205535e+00,1.367590134040859448e+04,1.385167176323430431e+04,1.500000000000000000e+01,1.729500000000000000e+05,4.936000000000000000e+04,2.014337373354457839e+00,3.438960696329269595e+00,6.369045574964181000e+00,8.758153331670552433e+00,6.541178385701414300e+01,1.624149992965491052e+01,-5.688628706934650836e-03
8.090029215526564066e-01,1.005984844769311604e+00,4.420752728356198350e+04,4.447210247198920842e+04,3.600000000000000000e+01,5.571780000000000000e+05,1.526280000000000000e+05,7.332425709142089687e-01,3.297329372091636346e-01,1.895001660669275445e-01,4.573316949575890744e-01,1.346330364133722091e-01,2.626107229665306519e-01,-9.494906029021421556e-05
8.104600365165461895e-01,1.011440988630039950e+00,4.493838925080738409e+04,4.545252885127817717e+04,3.100000000000000000e+01,5.679220000000000000e+05,1.605340000000000000e+05,7.215748928259544392e-01,3.164128577823594468e-01,1.780961964422030086e-01,4.363516816070757143e-01,1.216415440259380337e-01,2.454503596119443354e-01,-1.607209539050830083e-04
8.106890796436861946e-01,1.012898681025884651e+00,4.403888125454170222e+04,4.460692473658084782e+04,3.600000000000000000e+01,5.569540000000000000e+05,1.528520000000000000e+05,7.295997138084886480e-01,3.243253198663442194e-01,1.837146744950256538e-01,4.496318711571283266e-01,1.292282724620409939e-01,2.560633995007939312e-01,-3.576307929985256262e-05
8.095296930742645891e-01,1.007736742354686577e+00,4.488512540683762927e+04,4.523239005766812625e+04,2.400000000000000000e+01,5.662130000000000000e+05,1.605310000000000000e+05,7.266348160861868521e-01,3.217783969240980979e-01,1.822563939642577180e-01,4.450358221847659501e-01,1.267457974449384683e-01,2.524488487245294954e-01,-1.422213554229112553e-04
8.069381004987951078e-01,1.011686594907138081e+00,2.942561418650831183e+04,2.976949941939977361e+04,3.200000000000000000e+01,3.719190000000000000e+05,1.062530000000000000e+05,1.017706782137542509e+00,7.372303926303817034e-01,6.334101647058782980e-01,1.189252149858932572e+00,1.032174991148232301e+00,1.021117003365868081e+00,-6.997160449624395540e-04
8.084223637556358089e-01,1.009500288556512970e+00,2.925245224145568500e+04,2.953035897873512658e+04,2.600000000000000000e+01,3.693270000000000000e+05,1.046750000000000000e+05,1.025421130887380183e+00,7.505075659257133269e-01,6.503206383550377279e-01,1.215687406853036556e+00,1.080927503974262738e+00,1.053172281535141641e+00,-6.469690848744935607e-04
8.085694019834892554e-01,1.007357555034892549e+00,2.945969722746709886e+04,2.967644857112946193e+04,2.100000000000000000e+01,3.715510000000000000e+05,1.080030000000000000e+05,1.018061479842968575e+00,7.373429957662112066e-01,6.325455668042129220e-01,1.189874310453569839e+00,1.032279877345653851e+00,1.021729303864367333e+00,-6.220251327132553243e-04
8.086563190692597214e-01,1.010069412965643565e+00,2.929571766630738421e+04,2.959070834561433367e+04,1.500000000000000000e+01,3.699830000000000000e+05,1.026610000000000000e+05,1.023341899587802306e+00,7.468284974058769787e-01,6.454263402265747462e-01,1.208413946454694798e+00,1.067202495045991961e+00,1.044302049127865839e+00,-7.386005905861692256e-04
8.079794903837501652e-01,1.008946803208374821e+00,4.830103301603466389e+04,4.873317285319034272e+04,3.200000000000000000e+01,6.096640000000000000e+05,1.726700000000000000e+05,6.818020818540942996e-01,2.733081865135340016e-01,1.429752154296199951e-01,3.697501389571500319e-01,8.501442784860199775e-02,1.933012416142212420e-01,-9.343282059585261701e-05
8.091971996093515473e-01,1.010155559892466304e+00,4.823803187876167067e+04,4.872791610060113453e+04,4.000000000000000000e+01,6.092360000000000000e+05,1.713240000000000000e+05,6.902261012593400302e-01,2.820357426617420837e-01,1.499172425002184006e-01,3.831444603421709783e-01,9.182673167375884904e-02,2.034766574702608077e-01,-1.381888162456379465e-04
8.096778225661865891e-01,1.010886041065889529e+00,4.830843123393670976e+04,4.883431880017805088e+04,4.600000000000000000e+01,6.103430000000000000e+05,1.719670000000000000e+05,6.818468624934976852e-01,2.730376156281450473e-01,1.424134694042406557e-01,3.695551941346406633e-01,8.478007193634809480e-02,1.931036657303525916e-01,-1.542317685100103031e-04
8.093257242093350179e-01,1.005390202428876556e+00,4.811171410063245276e+04,4.837104597883509996e+04,2.800000000000000000e+01,6.062060000000000000e+05,1.708300000000000000e+05,6.880986630352075029e-01,2.796679838140614383e-01,1.477364258803249286e-01,3.796035036083454384e-01,8.989570431411254836e-02,2.007481629161603220e-01,-8.022294567708310176e-05
8.111631347594178143e-01,1.024900642246685312e+00,3.561391053441106487e+04,3.650071977963389509e+04,2.800000000000000000e+01,4.530590000000000000e+05,1.260580000000000000e+05,8.652086552757506377e-01,4.989738794484345208e-01,3.530184694062153961e-01,7.413788205652739327e-01,3.792781732837381403e-01,5.236955086941594839e-01,-8.636180724901632022e-04
8.082403377122713284e-01,1.019122427002013831e+00,3.561073724548442988e+04,3.629170096894910239e+04,3.000000000000000000e+01,4.517400000000000000e+05,1.281420000000000000e+05,8.662076273180008279e-01,4.995390646649092714e-01,3.524483516687593743e-01,7.430006318004376276e-01,3.802163054739133852e-01,5.251383951240458092e-01,-7.201285456291672826e-04
8.144944296742084866e-01,1.009052340558114658e+00,3.491907407485632575e+04,3.523517342535595526e+04,4.400000000000000000e+01,4.407690000000000000e+05,1.172400000000000000e+05,8.859425652698189602e-01,5.273128741250653340e-01,3.819614942858740592e-01,7.928857692510522526e-01,4.363405930185112469e-01,5.757643914374365179e-01,-3.092708555603451703e-04
8.119640995882355661e-01,1.012226604525081841e+00,3.500581156990473391e+04,3.543381378404948919e+04,4.500000000000000000e+01,4.425590000000000000e+05,1.191890000000000000e+05,8.807803828151381520e-01,5.194103635707568722e-01,3.727823439457299548e-01,7.790440789400154831e-01,4.198273299619903476e-01,5.614580722232225263e-01,-7.589123542853237758e-05
8.057646882654235787e-01,1.014514153866736157e+00,2.466783481626608045e+04,2.502586756634859557e+04,4.200000000000000000e+01,3.122090000000000000e+05,8.911300000000000000e+04,1.186262401672820044e+00,1.054960258122870087e+00,1.083872552057902450e+00,1.859276049938777708e+00,2.639397599252411464e+00,1.909685496607417710e+00,-1.829871412657668728e-03
8.089795563816578605e-01,1.008406568963502448e+00,2.497716234766159687e+04,2.518713458544981040e+04,2.200000000000000000e+01,3.151800000000000000e+05,8.741000000000000000e+04,1.176120263311550840e+00,1.033706977562601548e+00,1.050342992646291274e+00,1.812544228468898400e+00,2.500912278512086750e+00,1.842838660234940695e+00,-9.528096081512504867e-04
8.081597150020491949e-01,1.009625731234226276e+00,2.468126074794093438e+04,2.491883593042247594e+04,1.700000000000000000e+01,3.116340000000000000e+05,8.842200000000000000e+04,1.180181918992195156e+00,1.042010523398227750e+00,1.062844545296968146e+00,1.830913090203283966e+00,2.554091277319719744e+00,1.868976117956880234e+00,-1.281466934733632712e-03
8.075981391112398988e-01,1.003056978876929239e+00,2.503139974165396416e+04,2.510792020192417112e+04,4.600000000000000000e+01,3.150140000000000000e+05,8.694200000000000000e+04,1.171629298354240900e+00,1.024926744560488379e+00,1.037151718914457454e+00,1.792878986233313210e+00,2.444824011689044063e+00,1.815086751571937773e+00,-4.963230397767581792e-04
8.109884087057389612e-01,1.012714888815531067e+00,4.376815439561971289e+04,4.432466161242101953e+04,3.800000000000000000e+01,5.534810000000000000e+05,1.554830000000000000e+05,7.371600685720869350e-01,3.341901633104695790e-01,1.932845305538464231e-01,4.644547931031018928e-01,1.391596048378465622e-01,2.684974871667917262e-01,-2.184748870128483400e-04
8.104051802658942538e-01,1.013868533183523102e+00,4.373757374661864014e+04,4.434414973949040723e+04,2.200000000000000000e+01,5.534130000000000000e+05,1.513410000000000000e+05,7.349984754065383985e-01,3.313725734661345790e-01,1.905023504953542168e-01,4.601999506709545384e-01,1.362602325725426611e-01,2.649139234014257771e-01,-2.766444862495609502e-04
8.110946072765622405e-01,1.006380111438028413e+00,4.899414880157633161e+04,4.930673693074173207e+04,5.700000000000000000e+01,6.176180000000000000e+05,1.744820000000000000e+05,6.802165101132798819e-01,2.712469548245292073e-01,1.410626063071336034e-01,3.669011653053928512e-01,8.346970940371736813e-02,1.910871651570870133e-01,-1.484666858578287396e-04
8.137421509770518258e-01,1.004569942019485351e+00,4.903431902019865083e+04,4.925840301508590346e+04,6.000000000000000000e+01,6.175730000000000000e+05,1.736370000000000000e+05,6.810015204072454864e-01,2.724497085664262519e-01,1.422586439665940450e-01,3.684624696468945526e-01,8.435854279394514044e-02,1.923253037782915731e-01,-7.038325939378448082e-05
8.099703447790849165e-01,1.020834188619096139e+00,2.435320738338046067e+04,2.486058669948577517e+04,2.700000000000000000e+01,3.091920000000000000e+05,8.706600000000000000e+04,1.186000631842311082e+00,1.055165508309679367e+00,1.085316056114211225e+00,1.859078087546290670e+00,2.640732413175490123e+00,1.909667599659794712e+00,-2.307702458859361982e-03
8.074187119291760251e-01,1.022882199111474488e+00,2.454399752250641541e+04,2.510561816080794233e+04,3.000000000000000000e+01,3.119200000000000000e+05,8.876800000000000000e+04,1.175139806773116025e+00,1.033022773965552643e+00,1.050740686829184867e+00,1.809925809663551322e+00,2.495966458877804328e+00,1.839566719958908969e+00,-2.331396444050559680e-03
8.069828063193233980e-01,1.008059365365076676e+00,2.385514607269368207e+04,2.404740341073079253e+04,3.700000000000000000e+01,3.009620000000000000e+05,8.158000000000000000e+04,1.217417934901151799e+00,1.120708573296856025e+00,1.187553018135153238e+00,2.006477241159985159e+00,3.097261340354626746e+00,2.124127445825883420e+00,-6.364414703303733489e-04
8.082900516852716821e-01,1.007380809667706156e+00,2.409810500254281214e+04,2.427596852891898016e+04,2.500000000000000000e+01,3.039250000000000000e+05,8.171200000000000000e+04,1.206237223405513648e+00,1.096132540355579055e+00,1.147173086360049332e+00,1.951764942293153782e+00,2.920489891056121223e+00,2.043426538753376764e+00,-1.202606364300695674e-03
8.106106236636771989e-01,1.012078605256415020e+00,1.554940808122895942e+04,1.573722324341303465e+04,3.900000000000000000e+01,1.965580000000000000e+05,5.846600000000000000e+04,1.781046098144941192e+00,2.631254571075438697e+00,4.270230106986019791e+00,6.106959419509625064e+00,3.118625195723341292e+01,9.906185042263919271e+00,-5.605859269651958243e-03
8.131652197281354910e-01,1.012504058465650170e+00,1.545325915683186395e+04,1.564648761281373481e+04,3.600000000000000000e+01,1.953870000000000000e+05,5.610900000000000000e+04,1.799354940916833456e+00,2.687988884258419198e+00,4.400880223045378514e+00,6.287102013908906883e+00,3.307086304140212007e+01,1.030775820136475929e+01,-5.707642691280767622e-03
8.079806354063073792e-01,1.013003784975545329e+00,2.395836092257589917e+04,2.426991029637958491e+04,4.200000000000000000e+01,3.030040000000000000e+05,8.510900000000000000e+04,1.213182200609974615e+00,1.111706041017511248e+00,1.173582452246789698e+00,1.986105469917934574e+00,3.032216600909748205e+00,2.094099139535947618e+00,-1.360689460438546661e-03
8.117873159826727303e-01,1.008222356152504773e+00,2.414774730165150322e+04,2.434629868024637108e+04,1.400000000000000000e+01,3.046860000000000000e+05,8.281800000000000000e+04,1.208512968330877513e+00,1.101106307584383215e+00,1.155392618581121411e+00,1.962797951811816599e+00,2.955821094775110680e+00,2.059634687207735571e+00,-1.334652785765833016e-03
8.110526153296403473e-01,1.016275164769529837e+00,2.784374205147991233e+04,2.829690354116803428e+04,4.700000000000000000e+01,3.527100000000000000e+05,9.817200000000000000e+04,1.068521477463827862e+00,8.264288220075360902e-01,7.509162645370209832e-01,1.369993218985362304e+00,1.389546244812236209e+00,1.245434952610968926e+00,-1.830807790313415673e-03
8.091915011119735768e-01,1.010290214081104754e+00,2.846435894567650394e+04,2.875726329290892318e+04,4.000000000000000000e+01,3.595130000000000000e+05,1.022050000000000000e+05,1.044149734928505602e+00,7.841106896028924300e-01,6.954255393354262793e-01,1.282521520009806792e+00,1.211217834597801524e+00,1.135673060226503717e+00,-5.962614709470459573e-04
8.092254266163184662e-01,1.015416888740028778e+00,2.786011818122847035e+04,2.828963452351251908e+04,3.400000000000000000e+01,3.527610000000000000e+05,9.878700000000000000e+04,1.068287900571196491e+00,8.271392619220793163e-01,7.534676710271748235e-01,1.370528730289344077e+00,1.392720442162748373e+00,1.246457224304794664e+00,-2.270906314419174343e-03
8.075457699994950111e-01,1.005310000413020433e+00,2.844363447531832207e+04,2.859467018613006439e+04,4.500000000000000000e+01,3.583640000000000000e+05,1.053970000000000000e+05,1.048388504676210475e+00,7.907566667723405773e-01,7.033030143513707699e-01,1.296693094748803787e+00,1.238303213729347707e+00,1.153077819809873228e+00,-5.079134254408756988e-04
8.113321476432787671e-01,1.002589232367039118e+00,2.876724152678512473e+04,2.884172659965670755e+04,4.400000000000000000e+01,3.619480000000000000e+05,1.038580000000000000e+05,1.042553256547658957e+00,7.805312060677981334e-01,6.899473731086163131e-01,1.275906791425349240e+00,1.197116434282218478e+00,1.127234007476784372e+00,-2.980884190556531976e-04
8.082801463504406536e-01,1.004823929825501949e+00,2.845406840797483164e+04,2.859132883722493352e+04,3.700000000000000000e+01,3.584140000000000000e+05,1.039850000000000000e+05,1.055222187026784830e+00,8.027953820542548247e-01,7.189913130686431675e-01,1.321284454719311885e+00,1.287823340033614095e+00,1.183855645606163298e+00,-3.700212931112556447e-04
8.089304930530654136e-01,1.003435591581725017e+00,4.767924890927971137e+04,4.784305533545539947e+04,3.700000000000000000e+01,6.001680000000000000e+05,1.645820000000000000e+05,6.912481663971798973e-01,2.833319904909340492e-01,1.509439230447681690e-01,3.849838469074382541e-01,9.280503707508588884e-02,2.049228147250256871e-01,-3.434905220346673449e-05
8.082669159458244490e-01,1.002111622657268608e+00,4.758003245448480448e+04,4.747977308986627031e+04,5.400000000000000000e+01,5.972610000000000000e+05,1.666150000000000000e+05,6.942885241675557095e-01,2.861967479232928602e-01,1.530097538292268522e-01,3.896316064156866155e-01,9.513511044288636143e-02,2.084426213267374373e-01,1.998204679276582851e-06
8.103583475712476947e-01,1.009124414963650462e+00,5.574931188254677545e+04,5.625799173810110369e+04,6.800000000000000000e+01,7.037360000000000000e+05,2.016140000000000000e+05,6.163554978989244093e-01,2.091346952239676316e-01,9.576415989418243790e-02,2.750516848750653165e-01,4.463982149684294493e-02,1.257845605084499108e-01,-6.886006284153103896e-05
8.092930369506229349e-01,1.002354672555642923e+00,5.567658571761092753e+04,5.580768584599208407e+04,6.400000000000000000e+01,7.004570000000000000e+05,2.020420000000000000e+05,6.137260757811214829e-01,2.066525336819360625e-01,9.394921721009705240e-02,2.715526694808305663e-01,4.337381088291462905e-02,1.234452667606594778e-01,-3.171312216258825867e-05
8.119976319736413872e-01,1.003007824737599307e+00,4.750937229035299970e+04,4.765227215559573960e+04,4.900000000000000000e+01,5.979010000000000000e+05,1.651010000000000000e+05,6.965659485918558325e-01,2.889916492013718807e-01,1.555395313504985277e-01,3.936830749714352318e-01,9.741829143707966820e-02,2.116359244616012880e-01,-6.258259065992921588e-06
8.071660962153905938e-01,1.001883958600434665e+00,4.751134405230065749e+04,4.760085345754620357e+04,5.200000000000000000e+01,5.975900000000000000e+05,1.662860000000000000e+05,6.983923518065892067e-01,2.906348976109295879e-01,1.566359623616320473e-01,3.964311474624970799e-01,9.878644249448999271e-02,2.137182697199857262e-01,-4.657828506100802901e-05
8.057444748151570968e-01,1.001750270181458458e+00,3.044492910519208817e+04,3.049821595678152516e+04,3.500000000000000000e+01,3.828990000000000000e+05,1.057020000000000000e+05,9.939464027811777402e-01,6.967628861692114484e-01,5.814731914164279480e-01,1.109860294962034644e+00,8.915943454470169893e-01,9.264261784568543767e-01,-2.350720619859192340e-04
8.045271667564898310e-01,1.005669051649996648e+00,3.055524125851023200e+04,3.072846049938283613e+04,3.000000000000000000e+01,3.850380000000000000e+05,1.056600000000000000e+05,9.964483687949523549e-01,7.013013178403409986e-01,5.875390547666146102e-01,1.118436095975232636e+00,9.066404688909879273e-01,9.366201380623935258e-01,-3.484252387047637178e-04
