Shape_circ, Shape_eccent, Shape_e1, Shape_e2, Shape_corn, White_box, Black_box, Hu1, Hu2, Hu3, Hu4, Hu5, Hu6, Hu7
8.097030680501254851e-01,1.016086774308193386e+00,2.422659478906973527e+04,2.461632255169755445e+04,3.300000000000000000e+01,3.068580000000000000e+05,8.939200000000000000e+04,1.198993356471887761e+00,1.079286960133552409e+00,1.117816552569561583e+00,1.915429559772199752e+00,2.802750783521472222e+00,1.989915377969640353e+00,-1.516401079268758778e-03
8.110572807386742245e-01,1.014370611724842997e+00,2.417913058546576576e+04,2.452659948295376671e+04,4.700000000000000000e+01,3.059990000000000000e+05,8.836000000000000000e+04,1.204699995611175911e+00,1.094085681631579821e+00,1.145999350161186703e+00,1.946132154111269941e+00,2.906367043207663592e+00,2.035625741318992876e+00,-2.910139587812832218e-03
8.107593359536915401e-01,1.008281632277162609e+00,3.813004636327876506e+04,3.844582538597060193e+04,3.200000000000000000e+01,4.811200000000000000e+05,1.311800000000000000e+05,8.208378038754640116e-01,4.374408225703397823e-01,2.889682920053815440e-01,6.351047098123725476e-01,2.720777642178155986e-01,4.200538471994240686e-01,-1.244493792715850589e-04
8.106407389118863716e-01,1.004155204792668288e+00,3.842130736263170547e+04,3.858095576312549383e+04,4.100000000000000000e+01,4.838020000000000000e+05,1.395060000000000000e+05,8.188149803384070502e-01,4.350082815988937091e-01,2.865583482781774993e-01,6.307845719087705749e-01,2.681810159674247185e-01,4.160349528619915471e-01,-1.771541836354251220e-04
8.085961027657673217e-01,1.002732770236651083e+00,2.749671417674736949e+04,2.757185637885528558e+04,4.700000000000000000e+01,3.459880000000000000e+05,9.756800000000000000e+04,1.085366740301078270e+00,8.576955785436595203e-01,7.941937701780823478e-01,1.434358064926622323e+00,1.530909814838876004e+00,1.328385611689695933e+00,-3.698964265297366438e-05
8.084923086287327809e-01,1.002565773782224001e+00,2.741456450434377621e+04,2.748490407520010922e+04,5.500000000000000000e+01,3.449260000000000000e+05,9.863000000000000000e+04,1.088849797430966992e+00,8.641967180469819487e-01,8.030596303867718611e-01,1.447867989165537050e+00,1.561231599551080151e+00,1.345969660203399476e+00,-3.970737412442026937e-04
8.074075472842140444e-01,1.005468888736465116e+00,4.202875163441992481e+04,4.225860220084109460e+04,5.500000000000000000e+01,5.295710000000000000e+05,1.518790000000000000e+05,7.661063280394724284e-01,3.683560832589848899e-01,2.235900801172494012e-01,5.195931202836864271e-01,1.771011089615752154e-01,3.153532452590665502e-01,-1.029196617055166962e-04
8.068018365538180969e-01,1.004112958971916436e+00,4.237968436655146797e+04,4.255399026959386538e+04,5.500000000000000000e+01,5.336330000000000000e+05,1.486430000000000000e+05,7.581212353335773368e-01,3.584512761321296814e-01,2.142487435308699228e-01,5.036924811791034795e-01,1.654654305096370792e-01,3.015647191990717402e-01,-9.412191970402383756e-05
8.100062855388417971e-01,1.026130260286167939e+00,1.359161287402900416e+04,1.394676525613621197e+04,1.600000000000000000e+01,1.729990000000000000e+05,4.694600000000000000e+04,2.015068376891120394e+00,3.444238105845806253e+00,6.393163462146087106e+00,8.773284969656099719e+00,6.570542139899016831e+01,1.628203513093179211e+01,-3.264340972398116492e-02
8.118474784240168329e-01,1.034236440085130271e+00,1.330454918878794160e+04,1.376004958994954904e+04,2.300000000000000000e+01,1.700150000000000000e+05,4.709200000000000000e+04,2.035975670123302272e+00,3.521541015521786555e+00,6.604968067037806811e+00,9.042026630905148465e+00,6.987694844249031689e+01,1.696804999246113610e+01,-4.811322604058432262e-02
8.118170137913254258e-01,1.012463550473976959e+00,3.563628021747761522e+04,3.608043479467293218e+04,4.000000000000000000e+01,4.505900000000000000e+05,1.270060000000000000e+05,8.708657182169536881e-01,5.069281871595558986e-01,3.612263575296192908e-01,7.555035376089872523e-01,3.946791226767058514e-01,5.379100598748867146e-01,-4.754754666291827192e-04
8.085123323144651764e-01,1.008720468482916743e+00,3.564805067453451920e+04,3.595891837691921683e+04,4.200000000000000000e+01,4.499030000000000000e+05,1.299790000000000000e+05,8.678552535651944400e-01,5.022618428240209765e-01,3.558301728693716859e-01,7.475176407115234900e-01,3.855257089671252357e-01,5.297689604243317474e-01,-3.794936259510217624e-04
8.097809086182637950e-01,1.010581014366619179e+00,1.562048079939463423e+04,1.578576133114652839e+04,2.300000000000000000e+01,1.973160000000000000e+05,5.821400000000000000e+04,1.785616932532841705e+00,2.647408845834278157e+00,4.313491208596816229e+00,6.155561781093296325e+00,3.171874484688423124e+01,1.001562813221981152e+01,-5.704823580117590609e-03
8.082205613876730643e-01,1.011917257770024170e+00,1.561810882349054373e+04,1.580423385222036814e+04,2.400000000000000000e+01,1.974180000000000000e+05,5.710200000000000000e+04,1.779996210546313629e+00,2.625729553836678942e+00,4.250792883307740411e+00,6.092249121227903075e+00,3.100283790785626437e+01,9.871942647290339323e+00,-4.043813233456816647e-03
8.096272322112476605e-01,1.013349471258512713e+00,1.558001929912848937e+04,1.578800431896927876e+04,3.900000000000000000e+01,1.970750000000000000e+05,5.744300000000000000e+04,1.776165629789844491e+00,2.615824831660079397e+00,4.232256264175838112e+00,6.058691523109452248e+00,3.067992032865330643e+01,9.799031032699943466e+00,-7.312622752001729509e-03
8.071299922989728648e-01,1.010166630585956460e+00,1.552051966017584709e+04,1.567831105006293001e+04,2.300000000000000000e+01,1.960130000000000000e+05,5.850700000000000000e+04,1.782818985519541322e+00,2.635072142415242347e+00,4.274279775731783637e+00,6.121010526814754549e+00,3.130878051231530890e+01,9.936177974460276729e+00,-6.868966107315799263e-03
8.069155614759093709e-01,1.020133019978715749e+00,1.531743743311766593e+04,1.562582370698135310e+04,2.000000000000000000e+01,1.944000000000000000e+05,5.860800000000000000e+04,1.807275034466940600e+00,2.720092108729904812e+00,4.495134136751051557e+00,6.380646050485482945e+00,3.417183474356407658e+01,1.052340820747801864e+01,-7.827478918599695135e-03
8.087502263412205128e-01,1.001600046036742908e+00,1.542331275059692780e+04,1.544799076103696461e+04,1.800000000000000000e+01,1.939590000000000000e+05,5.804500000000000000e+04,1.806253620336311538e+00,2.712630149216194830e+00,4.467008132091269346e+00,6.361943701906595194e+00,3.391510015914850129e+01,1.047816211625663740e+01,-3.198056607729427014e-04
8.109592536314900180e-01,1.013786786210871149e+00,2.879946736709001198e+04,2.919651946666704316e+04,3.200000000000000000e+01,3.643800000000000000e+05,1.000620000000000000e+05,1.034904659232158686e+00,7.662451722685670319e-01,6.698326424016204372e-01,1.247819311055704983e+00,1.140802826405531878e+00,1.092283853756222722e+00,-8.446825716605932399e-04
8.099562005176528245e-01,1.015696489963894722e+00,2.883809078212274107e+04,2.929074758466221829e+04,2.300000000000000000e+01,3.652100000000000000e+05,1.012780000000000000e+05,1.031865161829235156e+00,7.616392560490541364e-01,6.645585602663512947e-01,1.238013693367017165e+00,1.122934237073505370e+00,1.080438405362965648e+00,-1.665330683985000171e-03
8.101988167377955907e-01,1.009750137226521627e+00,2.888400381495145484e+04,2.916562681579860873e+04,2.800000000000000000e+01,3.647220000000000000e+05,1.004020000000000000e+05,1.030151499869863319e+00,7.585794936724098436e-01,6.604848887279703984e-01,1.231930707734917307e+00,1.111247395997591259e+00,1.072968057498795869e+00,-7.830470855200166724e-04
8.093246254833909026e-01,1.014461553562825857e+00,2.887807430343522356e+04,2.929569612176561350e+04,3.400000000000000000e+01,3.654950000000000000e+05,1.009930000000000000e+05,1.036161883733406563e+00,7.694353954993552458e-01,6.752813978559433217e-01,1.253429420861428945e+00,1.153166121024561619e+00,1.099476334756715801e+00,-1.453455663868452596e-03
8.114591854635453405e-01,1.010396254147290840e+00,2.877088842641905649e+04,2.906999789454345591e+04,4.000000000000000000e+01,3.634000000000000000e+05,1.017240000000000000e+05,1.042734575047757684e+00,7.813245991547553837e-01,6.919812695560898508e-01,1.277128920563177061e+00,1.200602338098315514e+00,1.128886955779891732e+00,-7.908342179139271622e-04
8.114859819186444057e-01,1.011650958230506214e+00,2.875200439787055439e+04,2.908699280015347904e+04,4.400000000000000000e+01,3.633880000000000000e+05,1.017360000000000000e+05,1.039259827748434839e+00,7.741567239222539865e-01,6.805389609062729717e-01,1.263524275812072162e+00,1.171660161870692995e+00,1.111726572848636740e+00,-1.176095373128016597e-03
8.047945055989847996e-01,1.019823306312872102e+00,1.370085260823491808e+04,1.397244880623547215e+04,2.100000000000000000e+01,1.738570000000000000e+05,4.987100000000000000e+04,2.008131875229556940e+00,3.418820276714893858e+00,6.322703425651669207e+00,8.685302534857115120e+00,6.436189299270972697e+01,1.605916681075210661e+01,-2.087612806581518043e-02
8.093200412326171378e-01,1.029156319839008793e+00,1.362361117447517245e+04,1.402082553924046442e+04,2.000000000000000000e+01,1.736680000000000000e+05,4.958600000000000000e+04,2.000174202084303410e+00,3.388680664059442460e+00,6.235490405173494288e+00,8.582945577711811325e+00,6.278989852270760252e+01,1.579979728256349603e+01,-3.425869546667925647e-02
8.105150039035851073e-01,1.007712351717685584e+00,4.038961382147188851e+04,4.070111272900456970e+04,5.200000000000000000e+01,5.094910000000000000e+05,1.457990000000000000e+05,7.899972712044043277e-01,3.980025778165217076e-01,2.511717858292983885e-01,5.683656745582412739e-01,2.147469789221890246e-01,3.585673669212646741e-01,-1.637482670245465899e-04
8.085211331212471819e-01,1.005826022915817575e+00,4.045609870623461029e+04,4.069179686438170756e+04,4.100000000000000000e+01,5.098510000000000000e+05,1.462490000000000000e+05,7.873959454210206488e-01,3.946507956815435980e-01,2.479460339383776080e-01,5.628507792704409152e-01,2.102656568819290250e-01,3.535898180653427869e-01,-1.725384347050634704e-04
8.034942365336116277e-01,1.017100203330812302e+00,6.052327026499773638e+03,6.155823049277490099e+03,1.100000000000000000e+01,7.669600000000000000e+04,2.158600000000000000e+04,4.323527532794130934e+00,1.734019660403042806e+01,7.220102638539273698e+01,8.367366906403617577e+01,6.503616201622044173e+03,3.484302120697158784e+02,-4.473932871846955095e-01
8.048251250876181651e-01,1.013986276336517056e+00,6.010483203341938861e+03,6.094547482339872658e+03,1.500000000000000000e+01,7.604800000000000000e+04,2.223400000000000000e+04,4.357761604962809621e+00,1.762366618293724585e+01,7.395813718437186424e+01,8.564236266039620205e+01,6.815942868550047024e+03,3.595313458185301556e+02,-2.404337240973291046e-01
8.107339722729056675e-01,1.017152415928793463e+00,1.987710536053455507e+04,2.021804573913889544e+04,2.100000000000000000e+01,2.519050000000000000e+05,7.128500000000000000e+04,1.431675655184409202e+00,1.620073474834667238e+00,2.063376297322855990e+00,3.221705215493924968e+00,8.306495692029210787e+00,4.100653486744357146e+00,-4.873488515285906431e-03
8.084045854806988229e-01,1.015019439901151399e+00,1.975646999899724688e+04,2.005320111280608762e+04,2.700000000000000000e+01,2.501140000000000000e+05,7.307800000000000000e+04,1.443377176815317853e+00,1.649046900832221052e+00,2.116871613061086066e+00,3.297794164009816065e+00,8.713296975596151128e+00,4.234869010246462118e+00,-4.613559492888441582e-03
8.090743745822275290e-01,1.013841436267560736e+00,2.002552571510638154e+04,2.030270775301642789e+04,3.400000000000000000e+01,2.533680000000000000e+05,7.153200000000000000e+04,1.421100658437243869e+00,1.594467836982843778e+00,2.017189137232128004e+00,3.154511288072269437e+00,7.957404370545072325e+00,3.983271781340016471e+00,-1.790959403922265381e-03
8.078354462230092903e-01,1.009756630813996026e+00,1.997147704176177285e+04,2.016633137006844117e+04,3.300000000000000000e+01,2.521780000000000000e+05,7.158200000000000000e+04,1.426561056042952469e+00,1.605639980647548315e+00,2.032631928825917367e+00,3.185863849008474968e+00,8.107186425101783556e+00,4.036930502423254907e+00,-2.996616678720087634e-03
8.120621301006639703e-01,1.012277309531223857e+00,1.989233807747731771e+04,2.013656246935425952e+04,4.100000000000000000e+01,2.514930000000000000e+05,7.169700000000000000e+04,1.427715138985921506e+00,1.610042899232630331e+00,2.044327715535909196e+00,3.195750803008333030e+00,8.168354590288558370e+00,4.055006829895233089e+00,-3.327073254541623726e-03
8.070225631386346299e-01,1.009321646985383625e+00,1.979661184437981865e+04,1.998114887149979404e+04,2.900000000000000000e+01,2.499140000000000000e+05,7.441600000000000000e+04,1.431743315548199558e+00,1.619126671577934440e+00,2.059266610429314248e+00,3.220359801322895343e+00,8.293022768073495143e+00,4.097743637187469368e+00,-2.894014908594755298e-03
8.089973812483375326e-01,1.010518777722049455e+00,2.001040111600046293e+04,2.022088607746872367e+04,4.000000000000000000e+01,2.527610000000000000e+05,7.213900000000000000e+04,1.418506312402854075e+00,1.585945129465745174e+00,1.997004370196405976e+00,3.134575878838600005e+00,7.842556427488252879e+00,3.947506304812403943e+00,-3.212077953546277342e-03
8.084834711224645476e-01,1.009363870097310212e+00,1.993468573335518158e+04,2.012135154099302235e+04,4.000000000000000000e+01,2.516610000000000000e+05,7.323900000000000000e+04,1.428960214196902445e+00,1.612430855233370819e+00,2.047075759598994349e+00,3.202691456807166048e+00,8.200485715835473144e+00,4.066826311650814318e+00,-3.211752912378962321e-03
8.097567544592234601e-01,1.010064522568069334e+00,1.997103362255600950e+04,2.017203254115789605e+04,3.400000000000000000e+01,2.522090000000000000e+05,7.269100000000000000e+04,1.428257166423260394e+00,1.610609977756524813e+00,2.044179132914773156e+00,3.198024542587674546e+00,8.176776421703337405e+00,4.058606571346797587e+00,-3.547154291436704909e-03
8.119849470111607515e-01,1.014782838554757705e+00,1.984502468629255236e+04,2.013839048234519942e+04,3.500000000000000000e+01,2.512030000000000000e+05,7.369700000000000000e+04,1.426496748121298008e+00,1.606381782362021893e+00,2.036123366082732922e+00,3.186897078804165062e+00,8.118092213240666766e+00,4.039172096496148612e+00,-6.057895526042855749e-03
8.130383640829569325e-01,1.010122478097732035e+00,2.006411634865892847e+04,2.026721492694857443e+04,4.000000000000000000e+01,2.533910000000000000e+05,7.093900000000000000e+04,1.423387905308344692e+00,1.598399191527138274e+00,2.020390617046282422e+00,3.166437095656178258e+00,8.008919999538948176e+00,4.003256884649391445e+00,-1.964335774706782445e-03
8.064188137867637218e-01,1.008713849901336168e+00,2.001717280099843993e+04,2.019159944023544813e+04,3.500000000000000000e+01,2.526210000000000000e+05,7.113900000000000000e+04,1.431164581656107160e+00,1.617488216683953706e+00,2.056019311607300892e+00,3.216294960321566698e+00,8.270797110756660686e+00,4.090500140226801307e+00,-3.211935052774173016e-03
8.086010147980329243e-01,1.007851534747056022e+00,2.564224781682134198e+04,2.584357881654773882e+04,1.300000000000000000e+01,3.234830000000000000e+05,9.318100000000000000e+04,1.149037623972847477e+00,9.805909942539796642e-01,9.719269562887903335e-01,1.695017265406316032e+00,2.175594701796948804e+00,1.678487308982632875e+00,-4.807337630248209592e-04
8.072648283826112658e-01,1.008316180731803069e+00,2.559397007322657737e+04,2.580681415399989055e+04,2.600000000000000000e+01,3.229470000000000000e+05,9.630700000000000000e+04,1.151203937854476944e+00,9.831894373959603195e-01,9.731409069616163698e-01,1.702136583828132821e+00,2.190682602562141312e+00,1.687768964027020147e+00,-5.616279080185027084e-04
8.104555691113553006e-01,1.014902396024699893e+00,2.611700999771858187e+04,2.650621602368562890e+04,2.300000000000000000e+01,3.306230000000000000e+05,9.122700000000000000e+04,1.133308933634767035e+00,9.489640352236583531e-01,9.247020147733036044e-01,1.627299545673026815e+00,1.996190788935684024e+00,1.585230057939631898e+00,-1.417154291024624868e-03
8.094218745687342675e-01,1.008003704580845206e+00,2.618268584521871526e+04,2.639224432785692261e+04,3.400000000000000000e+01,3.303240000000000000e+05,9.217600000000000000e+04,1.129691761156844887e+00,9.417766346858480464e-01,9.136146000739218120e-01,1.611991432538966817e+00,1.956255476762353673e+00,1.564359851701002224e+00,-8.266476325911042977e-04
8.168613442390336710e-01,1.010587646910921844e+00,2.504289629010321005e+04,2.530804163364966007e+04,4.500000000000000000e+01,3.163380000000000000e+05,8.561800000000000000e+04,1.169157037683796307e+00,1.021376844935570904e+00,1.033946596494948800e+00,1.783794066743317641e+00,2.422513056349817617e+00,1.802759124784776290e+00,-6.197320209633261356e-05
8.045228678596312299e-01,1.006324491221433082e+00,2.489023376432609803e+04,2.504765182926799389e+04,3.400000000000000000e+01,3.137470000000000000e+05,8.820900000000000000e+04,1.180990540333607619e+00,1.043944853623115954e+00,1.066297299746188809e+00,1.834973395391960249e+00,2.566751235361368622e+00,1.874858675611342784e+00,-9.994884815616167373e-04
8.091051021324356940e-01,1.012011676132759108e+00,1.615612648048371739e+04,1.635018863932718341e+04,2.400000000000000000e+01,2.042270000000000000e+05,5.535700000000000000e+04,1.723357165126155444e+00,2.446837186507611506e+00,3.828007824992827324e+00,5.543607402593452527e+00,2.553730654671895905e+01,8.671514748190794819e+00,-7.298823202189552717e-03
8.108202247022791020e-01,1.007019143245704296e+00,1.616155028960165873e+04,1.627499052615702749e+04,2.300000000000000000e+01,2.037950000000000000e+05,5.426800000000000000e+04,1.730446913771014561e+00,2.467752886390212730e+00,3.873899715090431517e+00,5.608228419979926826e+00,2.614042966333864015e+01,8.810012441154922769e+00,-4.362514802226158395e-03
8.081859960221738914e-01,1.014165006030586902e+00,3.152933997624191034e+04,3.197595326714580006e+04,4.200000000000000000e+01,3.989940000000000000e+05,1.122300000000000000e+05,9.597278621077969252e-01,6.419872462287632420e-01,5.154924220861616391e-01,1.003450796800051448e+00,7.216974636165220947e-01,8.040058935097225135e-01,-4.566498738522439815e-04
8.091861794599384261e-01,1.011813504282393028e+00,3.149521151201245812e+04,3.186728032808448916e+04,1.900000000000000000e+01,3.981050000000000000e+05,1.116910000000000000e+05,9.608071881629323130e-01,6.419815650799715057e-01,5.135048006807326759e-01,1.004791352417508277e+00,7.217485457822119255e-01,8.050764500253497769e-01,-6.378934308235995054e-04
8.094899980801965045e-01,1.017272786753626646e+00,3.183774498175387635e+04,3.238767156154006079e+04,2.500000000000000000e+01,4.035130000000000000e+05,1.141370000000000000e+05,9.549498485304696027e-01,6.333929904605760663e-01,5.043575997700466829e-01,9.879011517628706329e-01,6.973313484750265356e-01,7.862307070160577949e-01,-8.634845250437561681e-04
8.096502807139237534e-01,1.012551279515722991e+00,3.184243899990935824e+04,3.224210235225958240e+04,2.700000000000000000e+01,4.026370000000000000e+05,1.121570000000000000e+05,9.470164422294553574e-01,6.205300077211253207e-01,4.883704314883876574e-01,9.638378878550692974e-01,6.612723826378150704e-01,7.592509199111632245e-01,-7.599525893585146186e-04
8.080456656107726232e-01,1.011740954044685337e+00,3.482082887267297338e+04,3.522965862426487729e+04,3.700000000000000000e+01,4.401130000000000000e+05,1.208790000000000000e+05,8.797876869247137632e-01,5.200131534075321804e-01,3.754660099353416824e-01,7.785969973347452999e-01,4.209730823673610289e-01,5.614613301347392005e-01,-2.444379901540838507e-04
8.119594285579934123e-01,1.009623178195015347e+00,3.491896855952924670e+04,3.525500001636373781e+04,4.000000000000000000e+01,4.408970000000000000e+05,1.223330000000000000e+05,8.842735303221527232e-01,5.254375783192224425e-01,3.804873894317855609e-01,7.891050115444374624e-01,4.323865838862581690e-01,5.719990842240483264e-01,-3.292137692199326171e-04
8.110703303213119275e-01,1.025583190807256351e+00,1.816628775080939522e+04,1.863103935659787749e+04,9.000000000000000000e+00,2.311790000000000000e+05,6.528100000000000000e+04,1.547153674584778038e+00,1.927223202993808338e+00,2.677474073723173476e+00,4.042412813524497217e+00,1.329913899292539270e+01,5.611855684841522418e+00,-9.243390859849043295e-03
8.092226397524558967e-01,1.011187662645089080e+00,1.819385216028622381e+04,1.839739884047013038e+04,1.200000000000000000e+01,2.298990000000000000e+05,6.278100000000000000e+04,1.546203246789781272e+00,1.923188048764073566e+00,2.665436907966415525e+00,4.032703120870771762e+00,1.322143376696684847e+01,5.592514195338036842e+00,-4.644173949354346576e-03
8.130311045018555616e-01,1.006202179580479195e+00,3.007478151243807588e+04,3.026131070822189213e+04,4.800000000000000000e+01,3.790820000000000000e+05,1.081220000000000000e+05,1.002972033756385439e+00,7.119472578032676191e-01,6.006510590758483703e-01,1.139536010644150110e+00,9.427644012792582018e-01,9.615058916979848380e-01,-3.460450647094770460e-04
8.142012448063559171e-01,1.005360079559951103e+00,2.995282446086826167e+04,3.011337398302376096e+04,4.500000000000000000e+01,3.773840000000000000e+05,1.091220000000000000e+05,1.004820901469456018e+00,7.150282588004441831e-01,6.041238028639015489e-01,1.145621961692790958e+00,9.530703431930100944e-01,9.687303859844458298e-01,-2.401096735622498812e-04
8.068023868594588199e-01,1.018049638042802796e+00,1.524828055558940832e+04,1.552350650039290485e+04,2.200000000000000000e+01,1.933210000000000000e+05,5.317100000000000000e+04,1.803159260135229758e+00,2.704230396546087878e+00,4.451404706100168696e+00,6.333591310391177842e+00,3.362974588251628916e+01,1.041530075241580278e+01,-6.761516978091464125e-03
8.061455999992652721e-01,1.018688410745741235e+00,1.527744406493344832e+04,1.556295521476401154e+04,1.900000000000000000e+01,1.937550000000000000e+05,5.774500000000000000e+04,1.803645801015626660e+00,2.707220235966910860e+00,4.461446287793593868e+00,6.341315616606424399e+00,3.372926481521434283e+01,1.043376648034399246e+01,-8.274877955454229550e-03
8.110726635344065460e-01,1.010928753224877630e+00,1.526472318126960090e+04,1.543154757396376408e+04,2.200000000000000000e+01,1.928530000000000000e+05,5.216300000000000000e+04,1.811367495339919031e+00,2.729012249822435177e+00,4.505628791223609042e+00,6.414032603441961911e+00,3.448057040007687846e+01,1.059580311964402277e+01,-6.332542162468257629e-03
8.048342362025058261e-01,1.007893923743505393e+00,1.534030561334491540e+04,1.546140081605872729e+04,1.500000000000000000e+01,1.935170000000000000e+05,5.597700000000000000e+04,1.812112270247402623e+00,2.731360767085743380e+00,4.511547478381742415e+00,6.421544242269637159e+00,3.456383933390635832e+01,1.061277606877983004e+01,-6.175053438074229462e-03
8.073545090007328007e-01,1.016062108121697838e+00,1.649684023903421985e+04,1.676181427061996510e+04,2.600000000000000000e+01,2.089530000000000000e+05,6.144300000000000000e+04,1.696011581619327524e+00,2.362656856466519795e+00,3.633321829039078743e+00,5.290758558973970516e+00,2.319683980906570042e+01,8.132390182526858524e+00,-7.939654990146038926e-03
8.081082883811357975e-01,1.015186825540564719e+00,1.653377170890023262e+04,1.678486721537082485e+04,2.400000000000000000e+01,2.093320000000000000e+05,6.002500000000000000e+04,1.684397183528993924e+00,2.326052049239750730e+00,3.546459544236563843e+00,5.183323771530862878e+00,2.222337332260677556e+01,7.905293421624417505e+00,-8.174082588036313268e-03
8.076594333370762380e-01,1.013222195464226649e+00,1.640124303167004109e+04,1.661810347289106721e+04,3.900000000000000000e+01,2.074420000000000000e+05,6.243600000000000000e+04,1.697376566462922121e+00,2.368796507257218575e+00,3.651854867459499943e+00,5.306897185415735407e+00,2.336241630862853214e+01,8.167789536041050624e+00,-4.128011931141983837e-03
8.132422447199137983e-01,1.012384947051370387e+00,1.631743092088336198e+04,1.651952143885289843e+04,2.600000000000000000e+01,2.063020000000000000e+05,5.994500000000000000e+04,1.712432190700707402e+00,2.414204078739169201e+00,3.755057144346717557e+00,5.443862488982417425e+00,2.461325008446786455e+01,8.458514703940606339e+00,-9.230525851450011032e-03
8.072463368403353101e-01,1.003196411009068978e+00,1.660512604364216895e+04,1.665820285133504512e+04,3.600000000000000000e+01,2.089810000000000000e+05,6.141900000000000000e+04,1.684931924704362149e+00,2.327251366960298995e+00,3.548186502816783161e+00,5.187376794231557398e+00,2.225486233076351184e+01,7.913515211117607251e+00,-1.804979243402726752e-04
8.045527645672400086e-01,1.010454502274344746e+00,1.655566829631620567e+04,1.672874956817334169e+04,3.000000000000000000e+01,2.091050000000000000e+05,6.285700000000000000e+04,1.680130567587381663e+00,2.313242878801490487e+00,3.517349861561249735e+00,5.145344391377882687e+00,2.188917703001711601e+01,7.825733208193351942e+00,-7.193703241796356451e-03
8.106533980151542362e-01,1.009953111212998023e+00,1.641140330943174922e+04,1.657474783173188916e+04,1.600000000000000000e+01,2.072460000000000000e+05,5.900900000000000000e+04,1.703498230071843977e+00,2.385627677640830946e+00,3.686803294044791457e+00,5.359308797940933289e+00,2.382254440073705837e+01,8.277707784464679364e+00,-5.218014475712351441e-03
8.070958086870192449e-01,1.018447413091477793e+00,1.632473434387326597e+04,1.662588346192333120e+04,2.700000000000000000e+01,2.070150000000000000e+05,5.768300000000000000e+04,1.690433608419851685e+00,2.343882261505900289e+00,3.585400569109120195e+00,5.236860655940983378e+00,2.269213298597967565e+01,8.017497501190213427e+00,-1.075697458811575302e-02
8.080841549329981222e-01,1.015242832231446846e+00,3.528645558277916280e+04,3.582432110526986799e+04,2.600000000000000000e+01,4.467790000000000000e+05,1.262540000000000000e+05,8.765061779069952541e-01,5.153267590205979909e-01,3.706164617185688792e-01,7.702008185359565662e-01,4.114982576537073999e-01,5.528982928384529316e-01,-4.962723566032944955e-04
8.086577083498581731e-01,1.004490194068787590e+00,3.541642275149744819e+04,3.557544936287390010e+04,3.600000000000000000e+01,4.460430000000000000e+05,1.270060000000000000e+05,8.759679213120992181e-01,5.134553557773097188e-01,3.674378381320368980e-01,7.676793073137184731e-01,4.077196560273254056e-01,5.500867378351479431e-01,-1.773272879636300647e-04
8.101260551079015881e-01,1.017447520916889836e+00,2.447169372727232985e+04,2.489866411545063602e+04,3.000000000000000000e+01,3.101790000000000000e+05,8.797800000000000000e+04,1.197327184944830147e+00,1.077608325965126568e+00,1.118789619709970706e+00,1.910064592121834437e+00,2.792197238305645257e+00,1.982797745692115976e+00,-2.691693217782287206e-03
8.084603415475229982e-01,1.009970740139562784e+00,2.464041382121622883e+04,2.488609698435886821e+04,3.700000000000000000e+01,3.111680000000000000e+05,8.888600000000000000e+04,1.178630085926300808e+00,1.038307645260434064e+00,1.056460830245697480e+00,1.823184363643089778e+00,2.530302925823009197e+00,1.857777042061410366e+00,-1.367145704241679027e-03
8.071220090101868250e-01,1.020203748237922037e+00,2.475176893667472905e+04,2.525184744471452359e+04,3.900000000000000000e+01,3.141430000000000000e+05,8.781300000000000000e+04,1.176319002333748864e+00,1.033625194486966103e+00,1.050065847885554682e+00,1.812839182533059201e+00,2.501191094756092248e+00,1.843065165330549871e+00,-2.999483100283084624e-03
8.140392065349663087e-01,1.008575781840050256e+00,2.504279946576742805e+04,2.525756105064997973e+04,3.200000000000000000e+01,3.160270000000000000e+05,8.529500000000000000e+04,1.170921237113475399e+00,1.024405243524251441e+00,1.037842052351718447e+00,1.790928166256239962e+00,2.441646671780807409e+00,1.812650371717736908e+00,-1.327850104910544005e-03
8.075171590529880428e-01,1.004951830886869235e+00,4.141949243644588569e+04,4.162459475841112726e+04,4.500000000000000000e+01,5.217610000000000000e+05,1.457190000000000000e+05,7.725070383565710852e-01,3.761125574299173380e-01,2.305650442473259065e-01,5.323120186223627703e-01,1.864859300594018665e-01,3.264563946297335262e-01,-1.054355341007368052e-04
8.115970680368237433e-01,1.002657166857412907e+00,4.147373294007863296e+04,4.158393556870020257e+04,5.300000000000000000e+01,5.218490000000000000e+05,1.448210000000000000e+05,7.730753400797740760e-01,3.771456954470804313e-01,2.318839241869217471e-01,5.337671875970553259e-01,1.877859602448674337e-01,3.277981138433458397e-01,-4.146214853541219103e-05
8.092410147578898982e-01,1.011511800690944263e+00,2.961808704076477443e+04,2.995904455562509975e+04,3.700000000000000000e+01,3.743060000000000000e+05,1.101060000000000000e+05,1.018919577828436118e+00,7.392478954430924398e-01,6.359305546040141532e-01,1.193322258874590425e+00,1.039540460493461271e+00,1.026012705655880763e+00,-5.506858568254946462e-04
8.155271894521838316e-01,1.004570215030851310e+00,2.994629625388387285e+04,3.008315726714169796e+04,5.100000000000000000e+01,3.771540000000000000e+05,1.093520000000000000e+05,1.009504938756472292e+00,7.234125038626298965e-01,6.156739384080447408e-01,1.161772986186021539e+00,9.825559568703701174e-01,9.881304295942193727e-01,-1.166630568700255388e-04
8.114801409883167782e-01,1.006592247412035679e+00,2.969919320451957174e+04,2.989497763406161539e+04,5.800000000000000000e+01,3.744220000000000000e+05,1.099900000000000000e+05,1.012291343817248723e+00,7.279969152662075782e-01,6.214270355702709026e-01,1.170948558196979850e+00,9.988533636113863245e-01,9.990853006477252718e-01,-5.234579754872514812e-04
8.077777771834963039e-01,1.005476462311192476e+00,2.963861297043399099e+04,2.980092771732259280e+04,4.600000000000000000e+01,3.734480000000000000e+05,1.109670000000000000e+05,1.017425530708184311e+00,7.363542255734999431e-01,6.314303542162809091e-01,1.187840146563678978e+00,1.028725996820385902e+00,1.019298490082461317e+00,-2.414560649691699368e-04
8.069854590788921866e-01,1.015071316126692880e+00,1.390283095570312616e+04,1.411236491609250152e+04,1.900000000000000000e+01,1.760100000000000000e+05,4.866600000000000000e+04,1.985511227327176442e+00,3.336805985994480750e+00,6.098735087035976221e+00,8.403270914682645198e+00,6.015786492411758957e+01,1.535019162190151931e+01,-1.730709169834199201e-02
8.100960385233900718e-01,1.014380485044941826e+00,1.395802416551002898e+04,1.415874732327908168e+04,1.700000000000000000e+01,1.766490000000000000e+05,4.850100000000000000e+04,1.969503595719317213e+00,3.273969426949900896e+00,5.914497237219500825e+00,8.195929772111632872e+00,5.706321785166325355e+01,1.482980785252992995e+01,-3.824688025712674744e-03
8.084567088920736611e-01,1.004040898826296768e+00,4.157033465392141807e+04,4.173831617043321603e+04,4.100000000000000000e+01,5.234220000000000000e+05,1.448820000000000000e+05,7.676314015335560237e-01,3.703452461579935795e-01,2.254780470651087665e-01,5.227433995265717837e-01,1.794671177860847622e-01,3.181207073925296780e-01,-1.095605418988399027e-04
8.133965557641850141e-01,1.004117525591495808e+00,4.163928948320447671e+04,4.181074032326327142e+04,5.300000000000000000e+01,5.243120000000000000e+05,1.489020000000000000e+05,7.694109498719232665e-01,3.722800563617306713e-01,2.270107811558585709e-01,5.260694134046447479e-01,1.817974283197281160e-01,3.209799697627390147e-01,-1.130262260170822319e-04
8.072673938948198291e-01,1.006452368879745984e+00,2.653167084052358769e+04,2.670286296778264295e+04,4.200000000000000000e+01,3.344660000000000000e+05,9.324100000000000000e+04,1.114072465516942501e+00,9.120411241207241337e-01,8.711297079546398425e-01,1.548268796031852190e+00,1.798087920381266969e+00,1.478609719265122635e+00,-6.736335755860300978e-04
8.066678339067712145e-01,1.003087768606576224e+00,2.601629686217879134e+04,2.593621184148115572e+04,4.100000000000000000e+01,3.264080000000000000e+05,9.414400000000000000e+04,1.134731885927030115e+00,9.512555400824227458e-01,9.269918695068649628e-01,1.632645553684374473e+00,2.008518458770558013e+00,1.592357249560360177e+00,2.351879439665971461e-05
8.050426821651306408e-01,1.007351282246479851e+00,2.665097513384786362e+04,2.684689397420069508e+04,4.700000000000000000e+01,3.361190000000000000e+05,9.354900000000000000e+04,1.109533002996851314e+00,9.027159833395982380e-01,8.569845659966532914e-01,1.529087126126956075e+00,1.750389950787428539e+00,1.452806524447125547e+00,-7.197705437872459200e-04
8.089128978045756480e-01,1.004727784446904248e+00,2.598530009939526644e+04,2.610815299705333018e+04,4.100000000000000000e+01,3.272940000000000000e+05,9.455600000000000000e+04,1.134597238211315640e+00,9.517268149732316385e-01,9.288622112911293360e-01,1.633028442375878075e+00,2.011250835320574915e+00,1.593125152607255846e+00,-7.877874426551745302e-04
8.086724321881587629e-01,1.008491389135978800e+00,4.661668327931024396e+04,4.701252367726354714e+04,5.200000000000000000e+01,5.882680000000000000e+05,1.668840000000000000e+05,7.020493821128332979e-01,2.947774859284160165e-01,1.600178701962106376e-01,4.026928018971255296e-01,1.022221101395136000e-01,2.186356607026985477e-01,-9.839650647212871970e-05
8.097966500480765495e-01,1.012948567350475226e+00,4.767344533550400229e+04,4.829074815325997042e+04,4.500000000000000000e+01,6.029290000000000000e+05,1.644430000000000000e+05,6.892291656457729676e-01,2.811003989095470224e-01,1.491358296388159976e-01,3.816348779888850684e-01,9.104629028608193786e-02,2.023385995775907054e-01,-1.779942632185310680e-04
8.108968354323531358e-01,1.011213033425924834e+00,4.688315198083187715e+04,4.740885433110565646e+04,5.600000000000000000e+01,5.924270000000000000e+05,1.688270000000000000e+05,6.977273001500585714e-01,2.901336103247351139e-01,1.563073721762339996e-01,3.955157729657113874e-01,9.834101338701439765e-02,2.130408027918091751e-01,-1.843450153423617510e-04
8.113601773982057619e-01,1.007902523794047767e+00,4.789310802306964615e+04,4.827158444879284798e+04,5.600000000000000000e+01,6.041990000000000000e+05,1.649210000000000000e+05,6.907279118068787582e-01,2.826125654727957293e-01,1.502968467249426177e-01,3.839976121198712122e-01,9.225020888965176913e-02,2.041381800458522411e-01,-1.190880017934992097e-04
8.062172769309183806e-01,1.021472583789060140e+00,1.972271765234463965e+04,2.014621535968258468e+04,2.300000000000000000e+01,2.504780000000000000e+05,7.328200000000000000e+04,1.443936795558200537e+00,1.649919119655737232e+00,2.118614321141582657e+00,3.300655951909003960e+00,8.728231039476010977e+00,4.239664125755568946e+00,-6.049977440527598560e-03
8.065323078893765762e-01,1.009294997566444918e+00,1.975902418807159847e+04,1.994268426981505036e+04,2.800000000000000000e+01,2.494380000000000000e+05,7.318500000000000000e+04,1.437062452225269737e+00,1.632334136443261086e+00,2.084165462444522277e+00,3.254903025751402001e+00,8.477604768889026587e+00,4.158556085321792217e+00,-2.058423573698675568e-03
8.086178243407325938e-01,1.011756425711301643e+00,2.945450850782320413e+04,2.980078824895833168e+04,2.200000000000000000e+01,3.722940000000000000e+05,1.065450000000000000e+05,1.018455359620012546e+00,7.385850687269152059e-01,6.350721182911833740e-01,1.191888728551854459e+00,1.036967113978307875e+00,1.024320635369443400e+00,-7.337292950428953020e-04
8.064435433056053038e-01,1.011187938944575926e+00,2.951187436361152140e+04,2.984205141213160096e+04,2.600000000000000000e+01,3.729140000000000000e+05,1.073260000000000000e+05,1.017035618315759393e+00,7.362035257434540458e-01,6.320357976144577172e-01,1.187118949412652169e+00,1.028281464082332564e+00,1.018575290944736977e+00,-9.552130023919858104e-04
8.063249498628728418e-01,1.024527650358974418e+00,1.626989601853228123e+04,1.666895833945171034e+04,2.000000000000000000e+01,2.069270000000000000e+05,5.930400000000000000e+04,1.707407754725980720e+00,2.398406578429113090e+00,3.717840705026239867e+00,5.396874431395652039e+00,2.417456772053742498e+01,8.358023322744253747e+00,-1.956890945055711484e-02
8.074396970291590758e-01,1.017779926995495465e+00,1.627862453706670203e+04,1.656805729292282922e+04,3.500000000000000000e+01,2.063560000000000000e+05,5.988400000000000000e+04,1.701221936989021133e+00,2.377928068979124454e+00,3.665820561449752546e+00,5.337168616894789608e+00,2.360760560330040647e+01,8.230196459760733774e+00,-1.084546774784733714e-02
8.109651103610117095e-01,1.014503917276982303e+00,4.122720112293108832e+04,4.182515703757959272e+04,4.500000000000000000e+01,5.218030000000000000e+05,1.456500000000000000e+05,7.736599799135168709e-01,3.783864806213333432e-01,2.333823469655246230e-01,5.354362915249732957e-01,1.892759636258496969e-01,3.293635665383527478e-01,-1.996611606800424710e-04
8.082610209918695832e-01,1.008298072849165727e+00,4.134814126419845707e+04,4.169125115258637379e+04,4.300000000000000000e+01,5.217340000000000000e+05,1.482080000000000000e+05,7.659041212132596810e-01,3.683209550173048297e-01,2.236323432684545476e-01,5.193861934617245435e-01,1.770119825475363617e-01,3.152126159862972399e-01,-1.869696320810909640e-04
8.090401871832998415e-01,1.011034773490923300e+00,3.198484461355172971e+04,3.233779012900465386e+04,3.000000000000000000e+01,4.041360000000000000e+05,1.113790000000000000e+05,9.520720426894813126e-01,6.287921073208756484e-01,4.986519119218750795e-01,9.792095319649535279e-01,6.842456555640110683e-01,7.764779463079884980e-01,-5.576141647943844148e-04
8.104870909913157728e-01,1.014712818499402536e+00,3.193323270802880506e+04,3.240306056496121892e+04,3.300000000000000000e+01,4.042110000000000000e+05,1.112970000000000000e+05,9.487312912093046613e-01,6.231307781281545388e-01,4.916385964789004581e-01,9.688257281308538804e-01,6.686379281613856751e-01,7.647776402173995791e-01,-9.859060758594107021e-04
8.102470269561198313e-01,1.034173023730152519e+00,1.892033682239809423e+04,1.956690194161238469e+04,1.900000000000000000e+01,2.417790000000000000e+05,6.844500000000000000e+04,1.486828624166681045e+00,1.762659600455064313e+00,2.339541498954082144e+00,3.597086643497833691e+00,1.043497549825040593e+01,4.775675307913759049e+00,-1.208375585083398818e-02
8.090018895580660674e-01,1.023543890261246148e+00,1.897500779510589564e+04,1.942175329634015725e+04,1.200000000000000000e+01,2.412260000000000000e+05,6.790600000000000000e+04,1.479557615586687191e+00,1.743244022844778085e+00,2.300564377312905862e+00,3.545533730423371388e+00,1.012603447205965423e+01,4.681236187727131792e+00,-1.032894906016057490e-02
8.076802559356753841e-01,1.012870111947952623e+00,1.152023059003104026e+04,1.166849724739096928e+04,1.800000000000000000e+01,1.456860000000000000e+05,4.092200000000000000e+04,2.354952776757237132e+00,4.821127571158019265e+00,1.058522395982797093e+01,1.387826121400548374e+01,1.682103087938447175e+02,3.047258824167813884e+01,-2.183712129750858821e-02
8.081885929821237546e-01,1.011437938285388416e+00,1.150219661500890106e+04,1.163375803003777764e+04,1.400000000000000000e+01,1.453550000000000000e+05,4.126000000000000000e+04,2.374873095604741913e+00,4.909761051697092427e+00,1.088064406453751864e+01,1.422888619676338706e+01,1.770449961555026448e+02,3.152833700084882551e+01,-2.360373423688599814e-02
8.076672728372271681e-01,1.015286934539507691e+00,3.454589219640677766e+04,3.507399298902213923e+04,2.100000000000000000e+01,4.374080000000000000e+05,1.206000000000000000e+05,8.904566368297137657e-01,5.354250126002642052e-01,3.924298545557252105e-01,8.063323278974755537e-01,4.535779571515619057e-01,5.900153630543537586e-01,-4.211336766882789462e-04
8.096058791447610092e-01,1.008997986422438098e+00,3.470154580770542816e+04,3.501378984572077752e+04,2.800000000000000000e+01,4.380190000000000000e+05,1.192430000000000000e+05,8.899572045634507322e-01,5.339662892761353197e-01,3.898987377206411531e-01,8.042473940041425795e-01,4.503604424308261245e-01,5.876876311546092024e-01,-3.996345319405847363e-04
8.087224727268926827e-01,1.007483705766782922e+00,2.969539473251493109e+04,2.991762632932154884e+04,2.600000000000000000e+01,3.745460000000000000e+05,1.098700000000000000e+05,1.011758025786231308e+00,7.270886069590325462e-01,6.203567442471182858e-01,1.169147115689539218e+00,9.956906928659008393e-01,9.969257440003962412e-01,-4.791384702041434629e-04
8.072179416859259771e-01,1.004863041470577478e+00,2.966795525115463533e+04,2.981223174788823962e+04,4.200000000000000000e+01,3.737070000000000000e+05,1.100130000000000000e+05,1.015484644368263467e+00,7.329152329340058447e-01,6.268556456058050896e-01,1.181112337541554425e+00,1.016296793642797125e+00,1.011155791913655344e+00,-3.409700974793539174e-04
8.077366817781017616e-01,1.012127047963231607e+00,2.954212817392818033e+04,2.990038697922934080e+04,4.100000000000000000e+01,3.734670000000000000e+05,1.060770000000000000e+05,1.019637398796919392e+00,7.402883323283490080e-01,6.371491787845420252e-01,1.195539169738067509e+00,1.043436692236207275e+00,1.028641888174787855e+00,-9.331804217431738380e-04
8.088629074115963880e-01,1.008586882209263180e+00,2.952237486962159164e+04,2.977588002516474444e+04,2.400000000000000000e+01,3.725640000000000000e+05,1.049080000000000000e+05,1.014547137413161826e+00,7.313933709095087332e-01,6.252337899819158107e-01,1.178031220682346891e+00,1.011012079556544929e+00,1.007470372626755095e+00,-6.003446211275687006e-04
8.094720463964485413e-01,1.001710243701080971e+00,2.830794582038589215e+04,2.835635930641574669e+04,5.000000000000000000e+01,3.560130000000000000e+05,1.050280000000000000e+05,1.057219787840026681e+00,8.064913774851312223e-01,7.243448400100296336e-01,1.328735099585563351e+00,1.303557801504953595e+00,1.193268759038000670e+00,-1.606437055504672529e-04
8.082688510604649768e-01,1.003269138051997800e+00,2.841763575361967742e+04,2.851053692800964927e+04,4.300000000000000000e+01,3.576680000000000000e+05,1.054120000000000000e+05,1.055583946113458849e+00,8.038528074561880343e-01,7.208137582741105387e-01,1.323116158468532477e+00,1.292136767903147909e+00,1.186277346584423187e+00,-2.642514978078436272e-04
8.085354178897946609e-01,1.005354351558826131e+00,4.255330951455450122e+04,4.278115489368696581e+04,3.800000000000000000e+01,5.361580000000000000e+05,1.477700000000000000e+05,7.548033373553575398e-01,3.548710287046443201e-01,2.114959350984213504e-01,4.976296981434439881e-01,1.614396957611905770e-01,2.964432415612089367e-01,-1.190748537762548187e-04
8.142186450341060144e-01,1.002043629105147327e+00,4.258105713613276021e+04,4.266807702382410207e+04,5.900000000000000000e+01,5.356140000000000000e+05,1.466620000000000000e+05,7.567680895629851356e-01,3.571408811663689953e-01,2.133941154253932437e-01,5.013543872598644757e-01,1.639866216399321619e-01,2.996157236503161347e-01,-6.122829581581279434e-05
8.084910161524087036e-01,1.019415370880481619e+00,3.212731963092069782e+04,3.275108345695080061e+04,1.800000000000000000e+01,4.076090000000000000e+05,1.143770000000000000e+05,9.382613197587892362e-01,6.090706093148630096e-01,4.772862288208921666e-01,9.405843337178660946e-01,6.302109734683054576e-01,7.340599454362958243e-01,-4.324753533149205964e-04
8.074309653764858430e-01,1.017564491454408415e+00,3.191501802860144380e+04,3.247558909003210283e+04,4.100000000000000000e+01,4.045420000000000000e+05,1.159780000000000000e+05,9.528434411175039642e-01,6.305943981129117359e-01,5.015490348978761670e-01,9.821862468831163984e-01,6.893612375251063629e-01,7.799536464110082834e-01,-1.158117375504919000e-03
8.061579600559810599e-01,1.009737609735922303e+00,4.193246928040644707e+04,4.234079130152259313e+04,5.200000000000000000e+01,5.294770000000000000e+05,1.494950000000000000e+05,7.633554259650843221e-01,3.650590329609369467e-01,2.205884233405764339e-01,5.142010119845239480e-01,1.731771302025131298e-01,3.106808199410368565e-01,-1.704488347429866657e-04
8.102791413585235247e-01,1.010509746857981783e+00,4.191974149300588033e+04,4.236030736444940703e+04,4.800000000000000000e+01,5.295170000000000000e+05,1.527590000000000000e+05,7.636154686330300922e-01,3.644663660320954790e-01,2.190378644256799623e-01,5.138774375306873754e-01,1.724046123950980780e-01,3.102331981155710960e-01,-7.631409186928395094e-05
8.096310224854806892e-01,1.010421119801556467e+00,4.910102179529059504e+04,4.961270942579815892e+04,4.300000000000000000e+01,6.202150000000000000e+05,1.709950000000000000e+05,6.752446441747448347e-01,2.665401047964874315e-01,1.377712353581171389e-01,3.594778303627848004e-01,7.999943030901759955e-02,1.855894840523509837e-01,-1.272896228295336551e-04
8.099865394702522314e-01,1.012095314197893892e+00,4.939079739965421322e+04,4.998819461268755549e+04,4.000000000000000000e+01,6.243930000000000000e+05,1.694870000000000000e+05,6.708422265615462399e-01,2.612014948772728440e-01,1.330037838335209610e-01,3.519879138375366368e-01,7.615933487242182443e-02,1.798935348051404204e-01,-1.135613669114229896e-04
8.102564103770001358e-01,1.011233841048212012e+00,2.432227966882467808e+04,2.459551229255441649e+04,2.600000000000000000e+01,3.073430000000000000e+05,8.892500000000000000e+04,1.198149563362384651e+00,1.080669844745448360e+00,1.125007730438557063e+00,1.915718549993165265e+00,2.812388294026519908e+00,1.991490295264854993e+00,-1.020079778841331830e-03
8.076682304219678921e-01,1.008365771183444837e+00,2.435189958933001981e+04,2.455562200917657538e+04,2.000000000000000000e+01,3.072830000000000000e+05,8.835700000000000000e+04,1.198970491172199448e+00,1.080385652206285130e+00,1.121577488376424903e+00,1.916837023523130235e+00,2.810557058977791289e+00,1.992391026781000551e+00,-8.315610299824971463e-04
8.099364042402936725e-01,1.012296503751866306e+00,1.850249065532524401e+04,1.873000660108732336e+04,2.300000000000000000e+01,2.339220000000000000e+05,6.856900000000000000e+04,1.527004990886893676e+00,1.872439389407356547e+00,2.564987081781471723e+00,3.891453575031709633e+00,1.229448542042211301e+01,5.324952132325509346e+00,-3.269205502275163155e-03
8.098359649699219398e-01,1.005808079881694406e+00,1.870888134566845838e+04,1.881754402302124072e+04,3.000000000000000000e+01,2.357740000000000000e+05,7.114200000000000000e+04,1.511499933577393762e+00,1.827809780759132252e+00,2.469069147052747493e+00,3.772842301047371727e+00,1.151515013550700317e+01,5.100751287910781251e+00,-6.719712014557899238e-04
8.079941034996803717e-01,1.018692430112460023e+00,1.856062448694882914e+04,1.890756766301473544e+04,2.900000000000000000e+01,2.353970000000000000e+05,6.764700000000000000e+04,1.519651026792041115e+00,1.851271187855238587e+00,2.519874993863943757e+00,3.835034070448432697e+00,1.192184031139603206e+01,5.218000909543694554e+00,-4.983600731447879184e-03
8.111162722585499862e-01,1.007335414493804038e+00,1.864117183640982694e+04,1.877791255848011861e+04,2.700000000000000000e+01,2.350980000000000000e+05,6.960500000000000000e+04,1.510811694969588892e+00,1.826799175305599432e+00,2.468671565333161233e+00,3.769242609483741901e+00,1.149774787526905584e+01,5.094475525493157519e+00,-2.941503630941255665e-03
8.069000179737008116e-01,1.030013501946647647e+00,1.376220271213606429e+04,1.417525461002692100e+04,2.000000000000000000e+01,1.755020000000000000e+05,4.917000000000000000e+04,1.995976335001330426e+00,3.372813093301212817e+00,6.193419136427904093e+00,8.529241763901824314e+00,6.199130960633638665e+01,1.566413395105860040e+01,-3.307550808180792501e-02
8.071903519935834659e-01,1.020647666009943944e+00,1.384075853871664003e+04,1.412653789834834060e+04,1.800000000000000000e+01,1.757020000000000000e+05,4.802600000000000000e+04,1.981696510263534883e+00,3.319682594742505710e+00,6.042359892001039512e+00,8.349130607424786632e+00,5.930142711780207776e+01,1.521211006269998478e+01,-2.268885757186467345e-02
8.104292157726364909e-01,1.008945896459529035e+00,3.526051566474071296e+04,3.557595258698708494e+04,1.700000000000000000e+01,4.450680000000000000e+05,1.241960000000000000e+05,8.787695658382816966e-01,5.181943205839645294e-01,3.734258347148549650e-01,7.756005992684900097e-01,4.174065699345801961e-01,5.583216036063851639e-01,-2.883624265631601347e-04
8.093757019005505260e-01,1.012403072369771229e+00,3.531281411192532687e+04,3.575080150093581324e+04,3.600000000000000000e+01,4.464850000000000000e+05,1.280780000000000000e+05,8.705280477903640790e-01,5.051185173974566123e-01,3.578077773167570030e-01,7.532834272705368761e-01,3.910771144290298151e-01,5.353712232296706786e-01,-2.721664461759754072e-04
8.076161204776767244e-01,1.006265298635229621e+00,2.462798987379284517e+04,2.478229158513756920e+04,2.700000000000000000e+01,3.104430000000000000e+05,8.961300000000000000e+04,1.194634483720864671e+00,1.071813790204346750e+00,1.109238367555254179e+00,1.897243677658689620e+00,2.752308372533113445e+00,1.964186729676199228e+00,-8.690454463209373870e-04
8.062736131518412064e-01,1.009278472455930276e+00,2.474346964235289488e+04,2.497305124389361299e+04,3.200000000000000000e+01,3.123630000000000000e+05,8.832500000000000000e+04,1.188315332356744358e+00,1.058692371893410034e+00,1.088569025031924431e+00,1.868003299479767065e+00,2.663755791321144706e+00,1.922040360849469387e+00,-1.110907971186847476e-03
8.075666295982347753e-01,1.017542131714097575e+00,1.547769467949263526e+04,1.574920643819088036e+04,2.200000000000000000e+01,1.961850000000000000e+05,5.883900000000000000e+04,1.795957966967429265e+00,2.679035962386204783e+00,4.385931109250224225e+00,6.256583700103345080e+00,3.277455213378991772e+01,1.024062493167485854e+01,-1.123696390242656662e-02
8.074759204711149385e-01,1.010798614190239642e+00,1.575180384756738385e+04,1.592190150011759579e+04,2.900000000000000000e+01,1.989980000000000000e+05,5.703800000000000000e+04,1.758261265554648567e+00,2.558742179973937159e+00,4.096244559719564471e+00,5.882244402902663261e+00,2.887403861544673944e+01,9.409278248972690051e+00,-3.710490909101693546e-03
8.089868569749768534e-01,1.008607476894869182e+00,1.562890376654944885e+04,1.576342919461215752e+04,2.200000000000000000e+01,1.972310000000000000e+05,5.829900000000000000e+04,1.776534875532982394e+00,2.614867772333111073e+00,4.225845152563347362e+00,6.058200610189661717e+00,3.065294847334028105e+01,9.796444963515190452e+00,-6.576676759269872719e-03
8.087102552755814910e-01,1.010383922667340340e+00,1.584193282409384847e+04,1.600643422944043959e+04,2.600000000000000000e+01,2.000950000000000000e+05,5.594100000000000000e+04,1.759736369246793553e+00,2.561483331024037913e+00,4.098568782023489732e+00,5.892935586607816134e+00,2.896100579286479970e+01,9.431427614056493880e+00,-7.466205628993805021e-03
8.091532369130167712e-01,1.010024285337262295e+00,1.912228004986184169e+04,1.931396724138069476e+04,2.500000000000000000e+01,2.414890000000000000e+05,6.598100000000000000e+04,1.479914944891475681e+00,1.745406205538894584e+00,2.307671448497512046e+00,3.549970318591725071e+00,1.016071004164516722e+01,4.690001237125382971e+00,-2.514811579326092783e-03
8.107265305270062727e-01,1.011520566176422165e+00,1.911943852837135273e+04,1.933970528519348954e+04,1.000000000000000000e+01,2.416360000000000000e+05,6.638800000000000000e+04,1.483109795534103714e+00,1.751839104518510437e+00,2.316378112154021451e+00,3.569114067056414541e+00,1.026231513789241490e+01,4.723974059917845914e+00,-3.216746369795409066e-03
8.115567843281170646e-01,1.018054763574832267e+00,4.084005206860406179e+04,4.157740955308655248e+04,3.800000000000000000e+01,5.178110000000000000e+05,1.423390000000000000e+05,7.766019876627676677e-01,3.818079864948925595e-01,2.365863554977626348e-01,5.412062456095383389e-01,1.936591867742480100e-01,3.344145764899696394e-01,-4.035636947755799619e-04
8.095694560665431805e-01,1.018629399297759752e+00,4.124996169505924627e+04,4.201842370249379746e+04,3.400000000000000000e+01,5.231560000000000000e+05,1.426750000000000000e+05,7.675671555349108388e-01,3.693864831930502302e-01,2.236507226063558784e-01,5.218050034040673246e-01,1.782569270107078052e-01,3.171382586192710851e-01,-4.004866321887790015e-04
8.102502032416136757e-01,1.015690528666532755e+00,6.356686213462610613e+04,6.456425980719099607e+04,3.400000000000000000e+01,8.050330000000000000e+05,2.241650000000000000e+05,5.563758179212117128e-01,1.578474389577271819e-01,6.280336722865545451e-02,2.034191811519142079e-01,2.299202655012928115e-02,8.081847406628407671e-02,-7.090189372298098813e-05
8.130635005431012807e-01,1.017088195428144992e+00,6.379088276164061244e+04,6.488095383280541864e+04,5.100000000000000000e+01,8.084240000000000000e+05,2.238280000000000000e+05,5.505677367918022647e-01,1.529578197330733746e-01,5.961434660412848197e-02,1.969869517163241324e-01,2.134652668052217095e-02,7.704124204821845290e-02,-9.568771411178067510e-05
8.108954148261017236e-01,1.020386280348718921e+00,6.328243577865213592e+04,6.457252925558553397e+04,6.700000000000000000e+01,8.032690000000000000e+05,2.218570000000000000e+05,5.568278910272674853e-01,1.585310346218282707e-01,6.336942129472059038e-02,2.041427368893219962e-01,2.321868279099310872e-02,8.128137483495498361e-02,-8.901593770532095773e-05
8.088392129465822311e-01,1.005516437122714768e+00,6.426789163558090513e+04,6.462242141879803239e+04,5.600000000000000000e+01,8.098210000000000000e+05,2.254850000000000000e+05,5.543454114053292248e-01,1.559880468668148057e-01,6.149144560059319198e-02,2.010534751466026560e-01,2.235497893674125852e-02,7.940671722046253878e-02,-3.263256830116252616e-05
8.062863472431688328e-01,1.016284246335418695e+00,1.566666579174726030e+04,1.592178563675474834e+04,3.000000000000000000e+01,1.984510000000000000e+05,5.758500000000000000e+04,1.761166098325556373e+00,2.567719870567668927e+00,4.117612656328518028e+00,5.910246587252192541e+00,2.915621449675630572e+01,9.470640820385918701e+00,-6.197842861986657681e-03
8.081376690531404394e-01,1.013738290607528736e+00,1.573852181764248235e+04,1.595474220410618545e+04,4.700000000000000000e+01,1.991150000000000000e+05,5.641500000000000000e+04,1.762042341339945750e+00,2.567519578344172881e+00,4.110145251188503046e+00,5.913058526925921043e+00,2.915055550797543304e+01,9.474777618467948415e+00,-7.941390578496410058e-03
8.098675692356975819e-01,1.023094886154904737e+00,2.441203549259687861e+04,2.497582867310789516e+04,4.100000000000000000e+01,3.102780000000000000e+05,8.850800000000000000e+04,1.189796462017001843e+00,1.063261814407092887e+00,1.098053684390066564e+00,1.876891314007563372e+00,2.694450618325030078e+00,1.935347966007562537e+00,-2.861076668233986098e-03
8.070458783469346420e-01,1.005869499151529567e+00,2.487347455513924433e+04,2.501946939293622563e+04,3.200000000000000000e+01,3.134690000000000000e+05,8.848700000000000000e+04,1.178982859264493310e+00,1.039646720032727734e+00,1.059242558869709860e+00,1.825610513565883331e+00,2.538691175187842042e+00,1.861448441276593035e+00,-9.399468539805777567e-04
8.082001937629429422e-01,1.005176716615038490e+00,2.379881476725193352e+04,2.392201448707579038e+04,3.900000000000000000e+01,2.998210000000000000e+05,8.210300000000000000e+04,1.223502734858084029e+00,1.133521476236341918e+00,1.208091169587950597e+00,2.035741699628984325e+00,3.192521709964308396e+00,2.167392398298980893e+00,-4.727765563123931258e-04
8.083850001034554866e-01,1.002501119300534871e+00,2.379783453671437019e+04,2.385735575998508284e+04,2.700000000000000000e+01,2.994090000000000000e+05,8.251500000000000000e+04,1.226384338453552214e+00,1.139150400399954632e+00,1.215983830984287639e+00,2.049053859002669675e+00,3.234401728986511237e+00,2.186975439100059759e+00,-1.449644040121267352e-04
8.072501322628468090e-01,1.003851037878815688e+00,2.386965430829030811e+04,2.396157725118577218e+04,3.200000000000000000e+01,3.005180000000000000e+05,8.140600000000000000e+04,1.223524363806164805e+00,1.133259624263877940e+00,1.206909769359342466e+00,2.035413009416108032e+00,3.190187569246065280e+00,2.166792135817734000e+00,-2.990173397814377410e-04
8.073815233280184911e-01,1.003108809348152830e+00,2.417652256305174160e+04,2.425168276240158593e+04,4.200000000000000000e+01,3.042670000000000000e+05,8.572700000000000000e+04,1.210199578091951889e+00,1.104320985415727430e+00,1.159516211588242474e+00,1.970368969028803097e+00,2.978240380499643347e+00,2.070595281595393633e+00,-3.883907349817583565e-04
8.123179645624029055e-01,1.006223450586723800e+00,4.064927645070650760e+04,4.090225521408355416e+04,6.400000000000000000e+01,5.123850000000000000e+05,1.437150000000000000e+05,7.846703187411080416e-01,3.915187887866863337e-01,2.451681562898612166e-01,5.574557479101540647e-01,2.060855603115520629e-01,3.488082033414268146e-01,-1.118022997648182582e-04
8.106794892570492461e-01,1.005574929610309143e+00,4.067351368583193107e+04,4.090026566163438838e+04,5.300000000000000000e+01,5.125230000000000000e+05,1.435770000000000000e+05,7.870442906602049815e-01,3.942261129398575425e-01,2.475817602158855713e-01,5.621358203211979099e-01,2.097109404248699294e-01,3.529506147237507774e-01,-1.595341126323923664e-04
8.085953100871522414e-01,1.009236478930416459e+00,2.401152946370776772e+04,2.423331144968637818e+04,2.300000000000000000e+01,3.031190000000000000e+05,8.313700000000000000e+04,1.218857643697868420e+00,1.123745552611706389e+00,1.192218076423121831e+00,2.013380934134163525e+00,3.119368989048139529e+00,2.134321909081343005e+00,-1.127895742268458790e-03
8.080344200952852551e-01,1.005999427219553377e+00,2.423168551314195793e+04,2.437706174678515890e+04,3.000000000000000000e+01,3.054070000000000000e+05,8.834700000000000000e+04,1.209212102324461746e+00,1.101834578517163932e+00,1.155273481206392283e+00,1.965102337903965601e+00,2.960875505497273963e+00,2.062734659831576778e+00,-7.384910953880385875e-04
8.082553297570571615e-01,1.010011046886417407e+00,3.527083250590420357e+04,3.562393046384378249e+04,2.900000000000000000e+01,4.454270000000000000e+05,1.253510000000000000e+05,8.791262158816400829e-01,5.192004613037726202e-01,3.749041828683644662e-01,7.770335948743878340e-01,4.193916722259614094e-01,5.598959335415342187e-01,-1.664424818968446296e-04
8.101135669753383173e-01,1.008350441731428404e+00,3.498692924613752257e+04,3.527908556016899820e+04,1.300000000000000000e+01,4.414850000000000000e+05,1.202630000000000000e+05,8.844861180101530884e-01,5.261325079484877598e-01,3.816934745037859900e-01,7.900548184458564549e-01,4.338534559074954666e-01,5.730661639262715212e-01,-3.552504042974580223e-04
8.098869939776088822e-01,1.007231364400114293e+00,3.541374023106469394e+04,3.566982989144651219e+04,1.700000000000000000e+01,4.466220000000000000e+05,1.279410000000000000e+05,8.744883794344138206e-01,5.112406032545881995e-01,3.650127946067303064e-01,7.638042637161326365e-01,4.032989404968129743e-01,5.461283647867436475e-01,-2.453803410572275023e-04
8.106540213499314751e-01,1.006521634588398495e+00,3.522680733100936777e+04,3.545654369613812742e+04,1.700000000000000000e+01,4.441090000000000000e+05,1.244060000000000000e+05,8.796380242874044519e-01,5.188487564032605581e-01,3.733895975135842482e-01,7.772145943308065297e-01,4.186898577285445011e-01,5.598366445252024315e-01,-2.651983190821161074e-04
8.097644437168161069e-01,1.011337958881129317e+00,4.802133784579327767e+04,4.856580179970569588e+04,2.800000000000000000e+01,6.068540000000000000e+05,1.692710000000000000e+05,6.884050218416929434e-01,2.803863172335148146e-01,1.487520092914394743e-01,3.804343027088015194e-01,9.050036269520439491e-02,2.014457189114146896e-01,-1.509856388551486517e-04
8.088709097687536431e-01,1.011824827423369655e+00,4.860599503877016832e+04,4.918075254184479127e+04,3.500000000000000000e+01,6.143890000000000000e+05,1.723710000000000000e+05,6.842466856425235555e-01,2.757286026945296453e-01,1.448463146667069157e-01,3.735230092430142923e-01,8.688188056381110358e-02,1.961364130460787059e-01,-1.385153279224518585e-04
8.112398308024147964e-01,1.006461929389421028e+00,4.839849838563321100e+04,4.871124606475517794e+04,2.800000000000000000e+01,6.101460000000000000e+05,1.704200000000000000e+05,6.817232852747051597e-01,2.728615388872769887e-01,1.423342856202421403e-01,3.693170984353777442e-01,8.467468351835580331e-02,1.929170297068486806e-01,-1.000464328009334491e-04
8.100576519791734542e-01,1.006983868141037242e+00,4.868999677882816468e+04,4.903004129611902317e+04,4.100000000000000000e+01,6.139800000000000000e+05,1.719000000000000000e+05,6.780953906357304328e-01,2.691479304209025702e-01,1.394974338046311435e-01,3.636475490226770413e-01,8.190374488597013114e-02,1.886584117122848403e-01,-1.035218677237145779e-04
8.077293554090712036e-01,1.010417170705920409e+00,1.942222353371043573e+04,1.962454815174964097e+04,2.700000000000000000e+01,2.453230000000000000e+05,6.770500000000000000e+04,1.453366620537354992e+00,1.675764771605679160e+00,2.170678623641177474e+00,3.366551350055265956e+00,9.100717005431361528e+00,4.358045334025990591e+00,-2.736321244262818198e-03
8.093058088869036215e-01,1.013205686527580696e+00,1.945584442550189124e+04,1.971277220811444568e+04,1.300000000000000000e+01,2.460880000000000000e+05,7.199200000000000000e+04,1.459119145998878819e+00,1.688877635230021657e+00,2.192590578136208279e+00,3.402753395240340595e+00,9.294465834041982788e+00,4.422109818850613827e+00,-4.480151771388385384e-03
8.091515010704104505e-01,1.013978021484331915e+00,2.377535523900519911e+04,2.410768766533363669e+04,1.500000000000000000e+01,3.008430000000000000e+05,8.231700000000000000e+04,1.219281965071587148e+00,1.125218955104829721e+00,1.195369254375124424e+00,2.016220585981782332e+00,3.130098921431015313e+00,2.138732747556773894e+00,-1.420879000177066587e-03
8.079108047875921406e-01,1.005829645703405939e+00,2.390842136287785979e+04,2.404779898875117578e+04,3.200000000000000000e+01,3.013050000000000000e+05,8.123700000000000000e+04,1.220395069339057947e+00,1.125502664639751904e+00,1.192653832599142927e+00,2.018729354154718436e+00,3.132379297161526299e+00,2.141664097094786889e+00,-5.333381976220241683e-04
8.093179156951300079e-01,1.013955806425510087e+00,4.053722196461455314e+04,4.110295158738065220e+04,2.800000000000000000e+01,5.129360000000000000e+05,1.423540000000000000e+05,7.814539314270938508e-01,3.878121707692139819e-01,2.420023514563815203e-01,5.511075988851206198e-01,2.012630980185745877e-01,3.431998246820283649e-01,-2.108961682430743334e-04
8.094592307368970729e-01,1.008214310780144007e+00,4.071677683806620917e+04,4.105123709697985760e+04,4.500000000000000000e+01,5.137450000000000000e+05,1.423550000000000000e+05,7.808686458002092046e-01,3.864176895325609484e-01,2.400515339581993368e-01,5.492783385113302330e-01,1.994530493364111146e-01,3.414451496221095894e-01,-2.227991984334182218e-04
8.092124138891861884e-01,1.013075965047343985e+00,6.222574947036752565e+04,6.303941119548683491e+04,4.700000000000000000e+01,7.870340000000000000e+05,2.169690000000000000e+05,5.649113857681511419e-01,1.648541915860418650e-01,6.708603321187381341e-02,2.128860140988008132e-01,2.544107355482764024e-02,8.643648717112568935e-02,-6.269849411513414572e-05
8.101888261324027285e-01,1.005453793274323049e+00,6.256222515714657493e+04,6.290342659993530833e+04,3.200000000000000000e+01,7.883100000000000000e+05,2.156940000000000000e+05,5.632350887610280132e-01,1.631244322498951460e-01,6.573684674318786003e-02,2.107569381810652509e-01,2.480714722613540021e-02,8.512191479019261264e-02,-3.494381500389678874e-05
8.090981989935041030e-01,1.015644073004281500e+00,1.568250749649211684e+04,1.592784578865743060e+04,2.300000000000000000e+01,1.985990000000000000e+05,5.642500000000000000e+04,1.771405916381673107e+00,2.600392733345977536e+00,4.196277920560044450e+00,6.011061430255676186e+00,3.018970402451773438e+01,9.693276140835942911e+00,-8.217695521873125131e-03
8.084895764625328329e-01,1.011483972982962998e+00,1.581517471444541115e+04,1.599679575358694274e+04,2.200000000000000000e+01,1.998690000000000000e+05,5.566100000000000000e+04,1.760989227397896428e+00,2.564812289902694609e+00,4.105336190178993760e+00,5.903924339140383282e+00,2.906601654203748808e+01,9.455152740922510901e+00,-9.315756020670917792e-03
8.111000710997481322e-01,1.027311080529936582e+00,1.972041151767218253e+04,2.025899726471481699e+04,2.900000000000000000e+01,2.511630000000000000e+05,7.088700000000000000e+04,1.432681468627042154e+00,1.624357565652127411e+00,2.075287978789186027e+00,3.231115086169543460e+00,8.366960939798477881e+00,4.118063808627862699e+00,-5.210774094949854884e-03
8.084553224686036321e-01,1.014646041641632523e+00,1.995779432256568543e+04,2.025009700928911843e+04,2.800000000000000000e+01,2.526150000000000000e+05,7.171500000000000000e+04,1.413538837038559315e+00,1.571974211836110635e+00,1.967882205555928188e+00,3.100241992052573448e+00,7.657604089696664396e+00,3.887033238391196299e+00,-2.941205138088154314e-03
8.087441989495869343e-01,1.007154608910812987e+00,2.367731178716096474e+04,2.384671369305748158e+04,2.300000000000000000e+01,2.985900000000000000e+05,8.333400000000000000e+04,1.234816336757449839e+00,1.157577134841501820e+00,1.246172519838355974e+00,2.090939964472950052e+00,3.375214784424347858e+00,2.249658096609159941e+00,-9.017560509492206222e-04
8.091876771776976840e-01,1.006285088520866733e+00,2.372883491598275577e+04,2.387797274392674080e+04,2.900000000000000000e+01,2.991120000000000000e+05,8.281200000000000000e+04,1.225159352514896494e+00,1.135982462102615553e+00,1.210255688567091426e+00,2.042301421019285801e+00,3.210837342395250538e+00,2.176735402283445531e+00,-9.836144739923113889e-04
8.079591288537187888e-01,1.011602260915399842e+00,2.635471761606719883e+04,2.666049192620049507e+04,1.500000000000000000e+01,3.330920000000000000e+05,9.135800000000000000e+04,1.121137071479399339e+00,9.254598320747572382e-01,8.904912663777911908e-01,1.576911061725713381e+00,1.868639639276532094e+00,1.517001242994866717e+00,-1.094258640798040361e-03
8.089362211975240635e-01,1.012060684027524582e+00,2.640283704818855040e+04,2.672127332325697353e+04,1.900000000000000000e+01,3.337760000000000000e+05,9.132400000000000000e+04,1.118491510467337635e+00,9.198474953185533654e-01,8.813031248048842636e-01,1.565407628202335921e+00,1.838669719724484786e+00,1.501361622243429395e+00,-1.246326584062207310e-03
8.074078922597620611e-01,1.006300626968336109e+00,2.041879516264771519e+04,2.054744637411042277e+04,2.000000000000000000e+01,2.573830000000000000e+05,6.980100000000000000e+04,1.402895107036199462e+00,1.547364383661683052e+00,1.925196666156804071e+00,3.035512736705981318e+00,7.338133816563845002e+00,3.775968366386631470e+00,-1.759587102961646110e-03
8.044474753489363472e-01,1.007496268095482650e+00,2.050741588688066986e+04,2.066114497431428754e+04,2.700000000000000000e+01,2.586500000000000000e+05,7.715800000000000000e+04,1.403405018443061314e+00,1.547590693639343540e+00,1.923944826898251748e+00,3.037127663570199587e+00,7.341602456264662457e+00,3.778253447721779068e+00,-1.874315712050211857e-03
8.083215229070285224e-01,1.007844086100543324e+00,2.035494643104429633e+04,2.051461238342135402e+04,3.800000000000000000e+01,2.567740000000000000e+05,6.926600000000000000e+04,1.409460689668943889e+00,1.563518909922311240e+00,1.955868283107976335e+00,3.076900627488273088e+00,7.548140787159730358e+00,3.847379451847096732e+00,-2.024544781292991757e-03
8.118574833604703667e-01,1.014619775654286071e+00,2.042468502504583012e+04,2.072328933792145835e+04,3.900000000000000000e+01,2.585130000000000000e+05,6.923700000000000000e+04,1.389911702242861091e+00,1.512604347572263697e+00,1.855514551803053802e+00,2.950076422806877652e+00,6.902113223489347860e+00,3.628239180203645553e+00,-8.222917547224817270e-04
8.087995167747382697e-01,1.019953320154927789e+00,2.007154436204702870e+04,2.047203831270678711e+04,1.900000000000000000e+01,2.547190000000000000e+05,7.018000000000000000e+04,1.417219232733842871e+00,1.582022822374809179e+00,1.988423991149712577e+00,3.125197765461960486e+00,7.790596007299180670e+00,3.930825457358575914e+00,-4.452569843425902008e-03
8.080926340114112927e-01,1.014180927779272379e+00,2.019622512833757719e+04,2.048262633829646074e+04,2.300000000000000000e+01,2.555760000000000000e+05,6.932300000000000000e+04,1.416212813455679065e+00,1.579288721394737527e+00,1.983280357677428496e+00,3.118369962667062012e+00,7.755029689173687402e+00,3.918847380193871022e+00,-3.657199545068046120e-03
8.112235349599290490e-01,1.015820158172931587e+00,3.082713460297044730e+04,3.131482474840769282e+04,3.600000000000000000e+01,3.904230000000000000e+05,1.115290000000000000e+05,9.825969570521662089e-01,6.784206758461379660e-01,5.592698725618980848e-01,1.073876299949558799e+00,8.322270512036129553e-01,8.845119426302520127e-01,-9.294071232441858399e-04
8.079805163050527428e-01,1.007825911274038866e+00,3.045349111268645356e+04,3.069181743211906723e+04,3.400000000000000000e+01,3.841700000000000000e+05,1.065280000000000000e+05,9.896292618925714990e-01,6.893865634936329201e-01,5.721236870384734940e-01,1.095651101732429078e+00,8.674676829099917663e-01,9.097114581957970181e-01,-5.255904992513271701e-04
8.075065006866425366e-01,1.013621614312637975e+00,4.232437765378929907e+04,4.290090400221164600e+04,3.000000000000000000e+01,5.354620000000000000e+05,1.484660000000000000e+05,7.590011730292187675e-01,3.596739375102475100e-01,2.156374755824922440e-01,5.055550088472772208e-01,1.669222174731355701e-01,3.031955600397178707e-01,-2.775623083941386460e-04
8.106499073288317980e-01,1.008282933645266777e+00,4.252636803557565145e+04,4.287861112018851418e+04,4.900000000000000000e+01,5.365940000000000000e+05,1.506380000000000000e+05,7.534638143800507226e-01,3.530044171778315421e-01,2.095648004943283238e-01,4.948105860645719556e-01,1.593372574723052604e-01,2.939876112496283000e-01,-1.888372742570448848e-04
8.068654881700753068e-01,1.019130215086353264e+00,1.958116443964811333e+04,1.995575632701983341e+04,1.300000000000000000e+01,2.483950000000000000e+05,7.422500000000000000e+04,1.448200407225740838e+00,1.662461636376476593e+00,2.145579863374622143e+00,3.331769560253847295e+00,8.908091750219842453e+00,4.295865438157339788e+00,-5.890152313170027298e-03
8.096943836502147329e-01,1.012737480577236227e+00,1.977211219134125713e+04,2.002395908634940133e+04,2.100000000000000000e+01,2.500290000000000000e+05,7.202100000000000000e+04,1.432363717468668973e+00,1.620723766738093818e+00,2.062646861171248514e+00,3.224468686873028123e+00,8.315716011966344468e+00,4.104994845043781204e+00,-3.405685730520247034e-03
8.100151124301985250e-01,1.019644215510721263e+00,1.969709120794890259e+04,2.008402511257218066e+04,2.200000000000000000e+01,2.499300000000000000e+05,7.155500000000000000e+04,1.441490783041661672e+00,1.644187402034050782e+00,2.108305549359473119e+00,3.285188382996811374e+00,8.645837701380388651e+00,4.212460312107139337e+00,-6.286824243564304027e-03
8.100220111478506624e-01,1.021188543625950462e+00,1.978071568735133769e+04,2.019984024464530376e+04,1.500000000000000000e+01,2.511830000000000000e+05,6.972700000000000000e+04,1.433867406358265928e+00,1.624852318481434743e+00,2.071233694866663200e+00,3.234875151729210696e+00,8.373378101791708161e+00,4.123484222710716907e+00,-6.600483471014051418e-03
8.088561847644349934e-01,1.014927203506048592e+00,1.214304571740456959e+04,1.232430743201151927e+04,9.000000000000000000e+00,1.537230000000000000e+05,4.252500000000000000e+04,2.236126459808497557e+00,4.313388562236990076e+00,8.957526816070521036e+00,1.191547278238176233e+01,1.231008276810004105e+02,2.474688457445724410e+01,-1.667079029679996438e-02
8.067621708162574512e-01,1.021934653107877899e+00,1.213314083423521151e+04,1.239927706954319001e+04,1.500000000000000000e+01,1.541220000000000000e+05,4.301000000000000000e+04,2.224172852852488447e+00,4.263255201137662986e+00,8.798942345412759991e+00,1.172760212324473272e+01,1.191321690388109005e+02,2.421473990946152455e+01,-3.802686741281036120e-02
8.103962436135343506e-01,1.010079752802206299e+00,3.570735781803045393e+04,3.606727915805613156e+04,3.700000000000000000e+01,4.509590000000000000e+05,1.281610000000000000e+05,8.661703866046911449e-01,4.999966733090173143e-01,3.536929324753521064e-01,7.434167714101311830e-01,3.812075451312245677e-01,5.256732441432271363e-01,-3.963533394981955116e-04
8.093151395116610081e-01,1.008881037575189321e+00,3.567628672279272723e+04,3.599312916572107497e+04,2.800000000000000000e+01,4.502980000000000000e+05,1.288220000000000000e+05,8.701408108952395359e-01,5.052794305485525106e-01,3.589548608054510259e-01,7.530345386459379453e-01,3.915093095016713987e-01,5.352795796969731512e-01,-3.463689994749608037e-04
8.124437365292106472e-01,1.012205486572949509e+00,4.780435087888346607e+04,4.838782624166424648e+04,5.700000000000000000e+01,6.043660000000000000e+05,1.665020000000000000e+05,6.882697708925911151e-01,2.798782617796711225e-01,1.480037915064785214e-01,3.799080730079162915e-01,9.008518939147065752e-02,2.009847296222242174e-01,-1.737934418474529341e-04
8.116705461839592850e-01,1.010384011313536945e+00,4.773903950366255594e+04,4.823476222996597789e+04,6.100000000000000000e+01,6.029950000000000000e+05,1.661250000000000000e+05,6.884713671087832054e-01,2.802390986896458047e-01,1.483714537722234661e-01,3.803588587782252284e-01,9.035761228126115707e-02,2.013528898696712588e-01,-1.660626090883160488e-04
8.124738026219111564e-01,1.011768503390882756e+00,4.866359150458525983e+04,4.923628914621950389e+04,5.500000000000000000e+01,6.150960000000000000e+05,1.752240000000000000e+05,6.785182383830223873e-01,2.696416835637058806e-01,1.399370320257468658e-01,3.643612010468800233e-01,8.227421258787556702e-02,1.892019465249384080e-01,-1.561523575373188755e-04
8.120191196507824394e-01,1.014429755579203896e+00,4.843317742393792287e+04,4.913205633608956850e+04,5.900000000000000000e+01,6.129870000000000000e+05,1.746630000000000000e+05,6.834917052580966601e-01,2.748354211091265653e-01,1.439932268389192693e-01,3.722369760899676416e-01,8.617849637208178926e-02,1.951442694427099334e-01,-2.178037854615177960e-04
8.104280519806661420e-01,1.035687228796521087e+00,2.411026370086322277e+04,2.497069219790038915e+04,2.300000000000000000e+01,3.083210000000000000e+05,8.412500000000000000e+04,1.189615187963693588e+00,1.059734081151173735e+00,1.087339738333747530e+00,1.871855932011448509e+00,2.670488766173263251e+00,1.926950154852506536e+00,-4.071832083870852159e-03
8.143339697983362768e-01,1.020569350860690117e+00,2.425545346130826510e+04,2.475437239383905762e+04,3.500000000000000000e+01,3.078820000000000000e+05,8.396900000000000000e+04,1.206880607735917987e+00,1.095821748753200930e+00,1.145020039822622238e+00,1.952628146305009471e+00,2.919681014262766716e+00,2.044040057536197885e+00,-4.230117890608120490e-03
8.115479265468302783e-01,1.025467651265361102e+00,3.048536362646195266e+04,3.126175423599841088e+04,2.500000000000000000e+01,3.879230000000000000e+05,1.069590000000000000e+05,9.873820528977450550e-01,6.855265668952872371e-01,5.674904251290799895e-01,1.088290060063075604e+00,8.552546105660985276e-01,9.010659155874819470e-01,-1.681043194531495200e-03
8.096482645433041858e-01,1.017006143092372694e+00,3.028386633231690212e+04,3.079887809655457386e+04,2.400000000000000000e+01,3.837670000000000000e+05,1.055270000000000000e+05,9.908183480678267596e-01,6.917854828686392787e-01,5.753182716652174289e-01,1.099989097179832509e+00,8.750569548503295270e-01,9.149007628090509714e-01,-1.084468739800337200e-03
8.090370271550411108e-01,1.022997100776788404e+00,3.650996234352778993e+04,3.734958562689864630e+04,3.500000000000000000e+01,4.640250000000000000e+05,1.280630000000000000e+05,8.489637855652625298e-01,4.758661951061451401e-01,3.284350846606143293e-01,7.011093237544101520e-01,3.364361202277630913e-01,4.836464085713408356e-01,-6.334750908654762647e-04
8.099400643989855819e-01,1.020063622017631566e+00,3.638701591990262386e+04,3.711707125366909167e+04,4.600000000000000000e+01,4.618020000000000000e+05,1.287480000000000000e+05,8.541318873077405893e-01,4.831417494438258187e-01,3.359734502290532276e-01,7.137402630462947872e-01,3.495117519017364449e-01,4.961092513642106350e-01,-7.468789686236598779e-04
8.069358460202480376e-01,1.012081529708414029e+00,1.359267134591480499e+04,1.375689160859718322e+04,1.100000000000000000e+01,1.718300000000000000e+05,5.048000000000000000e+04,2.028139418490765067e+00,3.492655517703854962e+00,6.526069501315310717e+00,8.940843704558108840e+00,6.829573625819790550e+01,1.670922670320610592e+01,-1.506350433991343607e-02
8.075987199629577340e-01,1.011916535174952170e+00,1.350048459341815760e+04,1.366136359295452348e+04,2.400000000000000000e+01,1.706500000000000000e+05,5.260600000000000000e+04,2.030942936210270666e+00,3.503246636153432014e+00,6.555999369134648980e+00,8.977460689392508186e+00,6.887311246645737128e+01,1.680307792480090257e+01,-1.474262365535849995e-02
8.088304841417364166e-01,1.015819649340045983e+00,2.132931461538692020e+04,2.166673689326585736e+04,1.700000000000000000e+01,2.701330000000000000e+05,7.443500000000000000e+04,1.349378173599002029e+00,1.417419678221121915e+00,1.689075831289538421e+00,2.709797171395627480e+00,5.797352616790830027e+00,3.226160281689276488e+00,-2.324688098937599534e-03
8.080888853942768124e-01,1.019388377433287918e+00,2.136280045015913129e+04,2.177699048831882828e+04,2.500000000000000000e+01,2.710340000000000000e+05,7.412000000000000000e+04,1.334818835459179454e+00,1.381270725854984338e+00,1.621399880161461304e+00,2.622723155426877284e+00,5.408459627306573481e+00,3.082419481085302948e+00,-4.524362545955895598e-03
8.114325328712530538e-01,1.013055944667633046e+00,3.452131195918977755e+04,3.497202029798305739e+04,3.000000000000000000e+01,4.366190000000000000e+05,1.198960000000000000e+05,8.926411374394114251e-01,5.383309158771353298e-01,3.954477829621623197e-01,8.117977500787616485e-01,4.599556145884901581e-01,5.956243453940148758e-01,-6.342807884451295841e-04
8.105986060296282991e-01,1.008664036623619920e+00,3.459915620744342596e+04,3.489892456397106434e+04,3.000000000000000000e+01,4.366540000000000000e+05,1.206080000000000000e+05,8.895244060463307623e-01,5.332408862411303074e-01,3.890524079668502000e-01,8.030095307824656192e-01,4.488331548918969016e-01,5.863843786933590208e-01,-4.009302056647567891e-04
8.034563883645237103e-01,1.006040367792942369e+00,1.187052740343990627e+04,1.194222975485288407e+04,2.800000000000000000e+01,1.496000000000000000e+05,4.532200000000000000e+04,2.301198738824025369e+00,4.590100578474117121e+00,9.840011841363979883e+00,1.297112275101059353e+01,1.465426915127422376e+02,2.779000782207778286e+01,-7.452870410872947105e-03
8.037645038436643796e-01,1.006733464901927499e+00,1.207811959994779681e+04,1.199733595934888945e+04,3.400000000000000000e+01,1.512510000000000000e+05,4.411300000000000000e+04,2.277985440227514147e+00,4.491612176551874391e+00,9.524352636111167669e+00,1.259069952836534512e+01,1.378772215229463711e+02,2.668400325723940725e+01,-1.573875967196158854e-03
8.087069160098249165e-01,1.008505566370623052e+00,1.949149669873912353e+04,1.965728291757302941e+04,2.400000000000000000e+01,2.459590000000000000e+05,6.876100000000000000e+04,1.459490563350974490e+00,1.690633131433322056e+00,2.197927399248359226e+00,3.406576897837344298e+00,9.321460326954504438e+00,4.429379215716388707e+00,-2.122198998643298751e-03
8.030554676110183143e-01,1.010955543658367928e+00,1.901420422165849595e+04,1.922251516613800050e+04,2.800000000000000000e+01,2.402270000000000000e+05,6.668900000000000000e+04,1.492652350216740809e+00,1.778662923408238505e+00,2.373142708838546611e+00,3.639223442911846185e+00,1.069485720933040795e+01,4.853505368741774184e+00,-3.185912959946080036e-03
8.142824056248991749e-01,1.004593677082908032e+00,1.942019475213647092e+04,1.950940485571496902e+04,2.400000000000000000e+01,2.445840000000000000e+05,6.677600000000000000e+04,1.465847232100463415e+00,1.707838575136902737e+00,2.232562376935944837e+00,3.451196999641431340e+00,9.579799589118010772e+00,4.510172520211913394e+00,-1.028950048341137347e-03
8.065706169231340317e-01,1.005261526315992082e+00,1.913122959985302077e+04,1.923188906784993378e+04,3.200000000000000000e+01,2.410270000000000000e+05,6.644300000000000000e+04,1.478841620567919124e+00,1.741825583508745723e+00,2.299246679052768805e+00,3.541234972467928621e+00,1.010473420179418902e+01,4.673659508596479384e+00,-1.763081666101840028e-03
8.151170503502687126e-01,1.003760078514823961e+00,2.805372405602430808e+04,2.815920826110816415e+04,3.700000000000000000e+01,3.531760000000000000e+05,1.017620000000000000e+05,1.070120094180768922e+00,8.299364232458712465e-01,7.560619353767434880e-01,1.376697732445666400e+00,1.404547948421429604e+00,1.254183272582743980e+00,-3.402356755081159534e-04
8.133090855490902049e-01,1.003868407596816725e+00,2.808457709457259989e+04,2.819321968595863291e+04,4.000000000000000000e+01,3.535890000000000000e+05,9.866100000000000000e+04,1.065731907488983943e+00,8.217262168102398290e-01,7.446557054891138616e-01,1.360008520730376258e+00,1.368643034052758445e+00,1.232835681508565262e+00,-3.392056482397487471e-04
8.103229480831978249e-01,1.004890586474215253e+00,3.379386402211080713e+04,3.395913583640880825e+04,5.100000000000000000e+01,4.256900000000000000e+05,1.226440000000000000e+05,9.132431781191336917e-01,5.688184743525551701e-01,4.290285121661600032e-01,8.674224567632082827e-01,5.291624862065653634e-01,6.542104836246296351e-01,-1.666130749379823861e-04
8.088273535542874759e-01,1.004697227811189864e+00,3.402273926400090568e+04,3.418255182108463487e+04,4.100000000000000000e+01,4.285280000000000000e+05,1.242620000000000000e+05,9.058086572892496413e-01,5.572473206193191420e-01,4.156603700432984771e-01,8.465680966275788144e-01,5.021831368115041716e-01,6.319546081978258956e-01,-1.914935528520844699e-04
8.087891300440306352e-01,1.019513492391918241e+00,1.587996698056889909e+04,1.618984059542814430e+04,2.200000000000000000e+01,2.014810000000000000e+05,5.607300000000000000e+04,1.745735007340615930e+00,2.517201230620072394e+00,3.993666809964914854e+00,5.757132446248482971e+00,2.760547151868077265e+01,9.134086038155141196e+00,-1.634361598386213643e-02
8.055880057045252673e-01,1.025137610730108007e+00,1.587752023285467294e+04,1.627664315582758718e+04,2.800000000000000000e+01,2.019990000000000000e+05,5.656700000000000000e+04,1.741577855558537280e+00,2.501631609274311163e+00,3.950663378897222522e+00,5.712541425302024578e+00,2.713807027867731492e+01,9.035265345539418291e+00,-1.787211056305082479e-02
8.071266528826789299e-01,1.020767431015127125e+00,1.590290504217066518e+04,1.623316752557406289e+04,1.900000000000000000e+01,2.018960000000000000e+05,5.667000000000000000e+04,1.744133884830467718e+00,2.512718889735414685e+00,3.985031460241269308e+00,5.742792454689771731e+00,2.747264740528284221e+01,9.103218615713126738e+00,-1.271791784590448060e-02
