Shape_circ, Shape_eccent, Shape_e1, Shape_e2, Shape_corn, White_box, Black_box, Hu1, Hu2, Hu3, Hu4, Hu5, Hu6, Hu7
8.063186551484056164e-01,1.001791498961259075e+00,3.151385964399463774e+04,3.157031669081211658e+04,5.100000000000000000e+01,3.963500000000000000e+05,1.134460000000000000e+05,9.658882389795866441e-01,6.507116717783771875e-01,5.247329234005060350e-01,1.020997297011460914e+00,7.473190307969799218e-01,8.236048390417555209e-01,-9.682441022129673058e-05
8.153042041223950154e-01,1.027901634350200766e+00,3.132389864153891904e+04,3.219788660785788670e+04,4.000000000000000000e+01,3.990550000000000000e+05,1.107410000000000000e+05,9.508744956093262424e-01,6.241637562175303966e-01,4.893181252636860101e-01,9.726392274162387608e-01,6.710007223167380186e-01,7.684240029895978985e-01,-8.340547678137855137e-04
8.060152560538637045e-01,1.001587655271582111e+00,3.156018762870502178e+04,3.161029432696585718e+04,4.300000000000000000e+01,3.968950000000000000e+05,1.129010000000000000e+05,9.659360322800941701e-01,6.509856128760211913e-01,5.252359333339227110e-01,1.021363467124593249e+00,7.480793890161866466e-01,8.240736243261019833e-01,-1.161073965994519064e-04
8.049313274895785186e-01,1.017881892556133039e+00,3.138038587091747468e+04,3.194152655943121499e+04,3.300000000000000000e+01,3.978260000000000000e+05,1.148260000000000000e+05,9.671349387619178062e-01,6.514749970851586580e-01,5.241898471248069846e-01,1.023453244819703123e+00,7.496283500112574938e-01,8.260699062045904206e-01,-8.966806211920252956e-04
8.129614052199806151e-01,1.003374255336784149e+00,3.179521105949032062e+04,3.190249622009198720e+04,3.900000000000000000e+01,4.002050000000000000e+05,1.095910000000000000e+05,9.545544641004279907e-01,6.327241193830306365e-01,5.033153001626220480e-01,9.866605884968279172e-01,6.952991783545714455e-01,7.848288723358185504e-01,-2.190281736031418625e-04
8.135290947190998434e-01,1.030113173968208340e+00,3.123446892928973830e+04,3.217503792596203857e+04,4.900000000000000000e+01,3.983450000000000000e+05,1.100200000000000000e+05,9.574678724765088855e-01,6.360325438381528862e-01,5.052574679067409757e-01,9.940179978887595524e-01,7.044437110705042970e-01,7.927451633201362258e-01,-1.817936572973688492e-03
8.087600148229863173e-01,1.005244053799126513e+00,3.643750632512770244e+04,3.662858656860268820e+04,4.000000000000000000e+01,4.590690000000000000e+05,1.261470000000000000e+05,8.546549817435844520e-01,4.837901296704228971e-01,3.366515328473602686e-01,7.149235817174494079e-01,3.507354734192253964e-01,4.972652532917464230e-01,-1.489435693220741985e-04
8.130673844755756940e-01,1.004270811170599798e+00,3.626218472744052997e+04,3.641705367104483594e+04,5.200000000000000000e+01,4.566370000000000000e+05,1.247690000000000000e+05,8.564715468689689803e-01,4.861467407085879877e-01,3.387121055960836680e-01,7.191870613654682831e-01,3.549589156463247575e-01,5.014475893719027022e-01,-1.996012987057760313e-04
8.053136347233474934e-01,1.016642046311246439e+00,2.476720600864138760e+04,2.517938299803738118e+04,3.600000000000000000e+01,3.137910000000000000e+05,8.753100000000000000e+04,1.180413511033080898e+00,1.043180649580060626e+00,1.065723620281231909e+00,1.832935045338970781e+00,2.561784789640125126e+00,1.872090062367602892e+00,-2.831860830716736999e-03
8.043374927701499866e-01,1.005165869701657444e+00,2.488230343985016225e+04,2.501084217729753436e+04,4.400000000000000000e+01,3.134670000000000000e+05,8.848900000000000000e+04,1.178940371259399988e+00,1.039302246575741107e+00,1.058640523278811862e+00,1.825078875480038665e+00,2.536861183391206254e+00,1.860598075410191399e+00,-5.775435459769440172e-04
8.114387220488094021e-01,1.009418057303527183e+00,2.522436475408572005e+04,2.546192926678477306e+04,3.500000000000000000e+01,3.184520000000000000e+05,8.667400000000000000e+04,1.158114101415810726e+00,9.977017627446518322e-01,9.962104699494855886e-01,1.733136773367522032e+00,2.277323724606955757e+00,1.731143921035520394e+00,-9.277784400718580571e-04
8.110226843624694926e-01,1.004020727133969615e+00,2.536121714333838463e+04,2.546318767725710131e+04,3.300000000000000000e+01,3.193230000000000000e+05,8.453700000000000000e+04,1.163817540068784684e+00,1.009243195017573314e+00,1.013693404102595785e+00,1.758308076149313282e+00,2.347446800729819039e+00,1.766415553045871167e+00,-4.459024069567441018e-04
8.120565319419842387e-01,1.027369347198753502e+00,4.176922738470257173e+04,4.291242387121817592e+04,4.200000000000000000e+01,5.320050000000000000e+05,1.453080000000000000e+05,7.600649762831117595e-01,3.609735559033585561e-01,2.169564309719265449e-01,5.076606437509385561e-01,1.684784508291851945e-01,3.050077878411551202e-01,-5.298514995186048848e-04
8.097089365387255544e-01,1.019854079049064666e+00,4.186388072792781895e+04,4.269504952520070947e+04,2.400000000000000000e+01,5.312600000000000000e+05,1.460600000000000000e+05,7.596639547300811923e-01,3.605319752303347558e-01,2.162630288930832978e-01,5.069097161914490890e-01,1.678359099063932436e-01,3.043703684387402131e-01,-5.313825928257576159e-04
8.080438524805922951e-01,1.023539720287470534e+00,1.946123566579648832e+04,1.991934770981788461e+04,2.100000000000000000e+01,2.474080000000000000e+05,6.840000000000000000e+04,1.452351216463287464e+00,1.673049179991891622e+00,2.165669903734826818e+00,3.359575673960177866e+00,9.061971127257692160e+00,4.345488676039350295e+00,-6.100550598751475206e-03
8.088779545075043265e-01,1.020735917392473713e+00,1.951731189978776820e+04,1.992202126706491254e+04,3.600000000000000000e+01,2.477770000000000000e+05,7.200100000000000000e+04,1.437906121633263812e+00,1.634549245902956471e+00,2.087869137327396096e+00,3.260640193594700698e+00,8.507575473214696871e+00,4.168710696724750697e+00,-6.913754738390842647e-03
8.111904809736999455e-01,1.003715895512956813e+00,2.527612028176918466e+04,2.537004370370916513e+04,3.600000000000000000e+01,3.181960000000000000e+05,8.502900000000000000e+04,1.165099794988407655e+00,1.012142499933661011e+00,1.018414539920738271e+00,1.764405716737909469e+00,2.365156999568722718e+00,1.775085525394464181e+00,-3.707802706165441720e-04
8.087298427996216788e-01,1.003262962871942721e+00,2.521563474662791486e+04,2.513362466251678052e+04,3.300000000000000000e+01,3.163350000000000000e+05,8.562100000000000000e+04,1.169845168672949631e+00,1.021653317215405421e+00,1.032810963700902640e+00,1.785366365577329528e+00,2.424384172652533032e+00,1.804592383939700007e+00,2.822282041949897291e-04
8.107522486167830778e-01,1.018477699409137571e+00,3.246334770440167631e+04,3.306319568509792589e+04,2.400000000000000000e+01,4.116820000000000000e+05,1.153780000000000000e+05,9.347287869737800348e-01,6.016845921648830142e-01,4.669321048382919503e-01,9.282485156925630587e-01,6.111148120604801282e-01,7.200266568820594681e-01,-8.825214076867426982e-04
8.091863420233467163e-01,1.019792280918866867e+00,3.237836682522983756e+04,3.301920855712890625e+04,3.400000000000000000e+01,4.108690000000000000e+05,1.154690000000000000e+05,9.271902133596401363e-01,5.895737441000247214e-01,4.520700135218819748e-01,9.060936654126421352e-01,5.799114306473556191e-01,6.957320485875735372e-01,-1.128568474813407274e-03
8.137861786522653240e-01,1.019280145145387673e+00,3.999857711300472147e+04,4.076975548535243433e+04,3.000000000000000000e+01,5.074430000000000000e+05,1.437970000000000000e+05,7.940889996363020842e-01,4.031669807605366418e-01,2.562920266644370670e-01,5.769904300863052393e-01,2.218805676543233185e-01,3.663624479206798457e-01,-5.203848966430918432e-04
8.113822784709934233e-01,1.018266657285381793e+00,3.985563756913972611e+04,4.058366684150559013e+04,2.700000000000000000e+01,5.053780000000000000e+05,1.410130000000000000e+05,7.887347407835978430e-01,3.959204865910215809e-01,2.484281620962322801e-01,5.652643506451837663e-01,2.118246152336799026e-01,3.556767423174291842e-01,-5.344236283988113012e-04
8.024546531403706773e-01,1.008998210698754505e+00,1.196471923052435523e+04,1.207238029511205241e+04,3.400000000000000000e+01,1.510080000000000000e+05,4.435600000000000000e+04,2.291034324233791608e+00,4.546010322415853011e+00,9.697936444602582640e+00,1.280159605604420392e+01,1.426381980090918091e+02,2.729476231498538752e+01,-1.399515031150144750e-02
8.020332021126208577e-01,1.000326974925260570e+00,1.198418239793780231e+04,1.198810092508167691e+04,4.100000000000000000e+01,1.505980000000000000e+05,4.388300000000000000e+04,2.290223903283039597e+00,4.541279340241979767e+00,9.676569289752539049e+00,1.278519314841911125e+01,1.422072193631599930e+02,2.724560159482047084e+01,9.098164191982505145e-03
8.058127938092505271e-01,1.010270809397245229e+00,1.964356676177755071e+04,1.984532209186983164e+04,3.500000000000000000e+01,2.480930000000000000e+05,7.566700000000000000e+04,1.445526315027461317e+00,1.655950412191188992e+00,2.133280497210698456e+00,3.314412478725477840e+00,8.813203755688441277e+00,4.265109629028417615e+00,-1.158729204441044658e-03
8.063110739887140443e-01,1.007514871805393231e+00,1.958406965101522655e+04,1.973124142387049869e+04,2.800000000000000000e+01,2.470020000000000000e+05,7.277600000000000000e+04,1.456952860875048383e+00,1.683332405280135502e+00,2.181972193648006986e+00,3.388146827037305187e+00,9.212297103867435055e+00,4.395893411645728222e+00,-1.199784426387573433e-03
8.099930001843717031e-01,1.025690998043646829e+00,3.081722031926968339e+04,3.160894546620267283e+04,2.900000000000000000e+01,3.921930000000000000e+05,1.083210000000000000e+05,9.733318297444699674e-01,6.626715030357053227e-01,5.392434269570898220e-01,1.043998623196194853e+00,7.833243450187694634e-01,8.498627964557443626e-01,-1.401051028214306271e-03
8.108793878612419181e-01,1.018525506346743326e+00,3.067600488696445245e+04,3.124429341019063941e+04,2.400000000000000000e+01,3.890240000000000000e+05,1.079650000000000000e+05,9.739254185988692747e-01,6.636721972778986123e-01,5.400509578826896417e-01,1.045886702721745998e+00,7.860386129691794288e-01,8.520426195356120003e-01,-1.133968188507306074e-03
8.117645812374008063e-01,1.015949542575289799e+00,3.688360913540417096e+04,3.747188582963965018e+04,3.200000000000000000e+01,4.671620000000000000e+05,1.303420000000000000e+05,8.405282014937039969e-01,4.643008552315958104e-01,3.163668502145813299e-01,6.809862164251911931e-01,3.160839818790893707e-01,4.640213520497573629e-01,-4.699442580035073647e-04
8.138447829630799379e-01,1.020479570338398201e+00,3.701107359183583321e+04,3.776904447675946722e+04,3.100000000000000000e+01,4.698180000000000000e+05,1.284720000000000000e+05,8.324615503354237944e-01,4.532110606905889183e-01,3.047019719160738993e-01,6.619549825087379658e-01,2.972892048390281539e-01,4.456342320882464847e-01,-6.918887322743261237e-04
8.069069631812406662e-01,1.010348322095660833e+00,2.476668175082062226e+04,2.502297535081883689e+04,3.500000000000000000e+01,3.128200000000000000e+05,8.850200000000000000e+04,1.181449732450953860e+00,1.045930337715201386e+00,1.070481244587656811e+00,1.838452252117096730e+00,2.579099146544481691e+00,1.880198520660223860e+00,-8.922732137937039454e-04
8.075342594700049004e-01,1.013088159481728479e+00,2.471380939162826689e+04,2.503726767034693330e+04,3.100000000000000000e+01,3.125770000000000000e+05,8.874500000000000000e+04,1.176285469475271572e+00,1.033572575390953485e+00,1.048973737178855892e+00,1.812673415267737731e+00,2.499548347726618047e+00,1.842850077679420329e+00,-1.811846904444136541e-03
8.075829919790685762e-01,1.010375741986922371e+00,2.482899752250615711e+04,2.508661679459361767e+04,4.100000000000000000e+01,3.136120000000000000e+05,8.771000000000000000e+04,1.175595379247668770e+00,1.034065601825190583e+00,1.052663771926453773e+00,1.812097302089066719e+00,2.502747643182262394e+00,1.842703805307238429e+00,-1.175784419955139271e-03
8.080197011914111993e-01,1.012102229577826806e+00,2.465604071735548496e+04,2.495443378259716701e+04,4.800000000000000000e+01,3.116880000000000000e+05,9.026800000000000000e+04,1.182324165528668702e+00,1.046329660677325579e+00,1.069314889415832859e+00,1.840571878468010958e+00,2.582152389834645234e+00,1.882725486462647257e+00,-1.847924183629778838e-03
8.101879329541488151e-01,1.027187764989356600e+00,3.153244382403987765e+04,3.238974049626796113e+04,5.200000000000000000e+01,4.015750000000000000e+05,1.167890000000000000e+05,9.618125658962379809e-01,6.433125085356782291e-01,5.154477148789885499e-01,1.007581836103194739e+00,7.261259800911206153e-01,8.081482982398742188e-01,-1.418170220938597126e-03
8.086927033306362533e-01,1.002105660410271382e+00,3.169913961524204933e+04,3.176588723856952856e+04,5.200000000000000000e+01,3.987440000000000000e+05,1.110520000000000000e+05,9.604656527462505089e-01,6.419981195475433777e-01,5.141769145885177750e-01,1.004387122577253599e+00,7.217852183028412583e-01,8.047630210892214864e-01,-1.301756507441909072e-04
8.113528016264386356e-01,1.015257489707910521e+00,1.789732833000201572e+04,1.817039663279611705e+04,2.500000000000000000e+01,2.266040000000000000e+05,6.284000000000000000e+04,1.563213785457727933e+00,1.971615810778075017e+00,2.769164980829994072e+00,4.165688179147315040e+00,1.414830856907566314e+01,5.849218445729646554e+00,-5.190346775179044414e-03
8.102393771947942192e-01,1.014658952712455653e+00,1.799810134681741329e+04,1.826193466337439531e+04,2.400000000000000000e+01,2.278120000000000000e+05,6.217000000000000000e+04,1.559198538536636924e+00,1.959842359754676577e+00,2.743007301905750595e+00,4.133555182335530986e+00,1.391871161054866768e+01,5.786743749908700885e+00,-7.002270691768508470e-03
8.092745795351881100e-01,1.015146867436351963e+00,6.375009062887814071e+04,6.471570480068917823e+04,5.900000000000000000e+01,8.071300000000000000e+05,2.281760000000000000e+05,5.569375746398095295e-01,1.591652883079874570e-01,6.404457273524455374e-02,2.046521902151656191e-01,2.342964784266121647e-02,8.164706478445528381e-02,-1.268238186339157303e-06
8.112679883034688011e-01,1.009157074220134342e+00,6.329303053129497857e+04,6.387260950948727259e+04,5.400000000000000000e+01,7.989760000000000000e+05,2.251520000000000000e+05,5.635026516176426803e-01,1.632064147518137442e-01,6.575218725375353568e-02,2.109577637028658414e-01,2.484545580123084102e-02,8.522443247561004021e-02,-6.315665782642698733e-05
8.067262079025898647e-01,1.008653643866801897e+00,1.545186275505106460e+04,1.558557767241197689e+04,2.900000000000000000e+01,1.950000000000000000e+05,5.800800000000000000e+04,1.805215680911805176e+00,2.710625026637596857e+00,4.464701384339702095e+00,6.354017403236404959e+00,3.384299633743057711e+01,1.046123863465283499e+01,-2.852441721913123729e-03
8.058502142276763314e-01,1.011270014847534426e+00,1.540477328815219153e+04,1.557838531183256782e+04,2.600000000000000000e+01,1.946570000000000000e+05,5.683300000000000000e+04,1.814828331668032035e+00,2.741559538915086414e+00,4.540420961369091124e+00,6.452226282524025081e+00,3.492307149505867159e+01,1.068337326528816256e+01,-8.132204937062681438e-03
8.098797178688157405e-01,1.011668596614264226e+00,1.985307736357632530e+04,2.008473491488367654e+04,3.300000000000000000e+01,2.509130000000000000e+05,7.341700000000000000e+04,1.438108207940626881e+00,1.636747983769903492e+00,2.096323746032871860e+00,3.264650450225609291e+00,8.540517531094192094e+00,4.176644991014661024e+00,-2.589789837634803860e-03
8.094935661018676232e-01,1.005125110295968627e+00,2.002713052473322750e+04,2.012977177758424659e+04,5.500000000000000000e+01,2.522910000000000000e+05,7.260900000000000000e+04,1.435741784428525625e+00,1.630520299538187556e+00,2.083761981001951646e+00,3.248675353396957455e+00,8.452467716987865032e+00,4.148292930519803967e+00,-1.235388658088254488e-03
8.089808187544953455e-01,1.007824324668547877e+00,2.983383933997068016e+04,3.006726898507590886e+04,4.600000000000000000e+01,3.763480000000000000e+05,1.073700000000000000e+05,1.011303173537444700e+00,7.263168216740160110e-01,6.192834846110684133e-01,1.167629254553014029e+00,9.928923079132347951e-01,9.951029088786828014e-01,-4.962608626589704031e-04
8.116460582796189982e-01,1.004392955275765331e+00,2.996934356101955200e+04,3.010099754692715214e+04,4.000000000000000000e+01,3.774170000000000000e+05,1.090890000000000000e+05,1.003142129685600681e+00,7.121704183782017195e-01,6.007035588018149186e-01,1.140020123113195449e+00,9.434065028984243151e-01,9.620651329240240690e-01,-2.307314400000204380e-04
8.079980818110490404e-01,1.011604042046341911e+00,1.952762394251521982e+04,1.975422331180932088e+04,2.800000000000000000e+01,2.467980000000000000e+05,7.412400000000000000e+04,1.455196881682156107e+00,1.680951811588958122e+00,2.181129776890538441e+00,3.379693786089492669e+00,9.176071109077671650e+00,4.381824265432725518e+00,-2.228760219682435206e-03
8.090848148829689057e-01,1.006446565762898260e+00,1.957602059530960105e+04,1.970221869945311482e+04,2.600000000000000000e+01,2.467780000000000000e+05,7.131700000000000000e+04,1.458574087137300523e+00,1.687963296132648283e+00,2.191923583459878699e+00,3.399837646697807081e+00,9.281111031844627490e+00,4.417124774544386234e+00,-1.301613536823786887e-03
8.051381306034209873e-01,1.016409659323536330e+00,1.195766476220732147e+04,1.215388596726019932e+04,2.100000000000000000e+01,1.514820000000000000e+05,4.388200000000000000e+04,2.271805770259991419e+00,4.465452676081634209e+00,9.442890333690883153e+00,1.249032604626644805e+01,1.356479166460055126e+02,2.639407726638057738e+01,-2.591214537389419093e-02
8.068468199739475821e-01,1.018916900667482084e+00,1.195617839347500558e+04,1.218235223250706622e+04,1.100000000000000000e+01,1.516500000000000000e+05,4.371400000000000000e+04,2.257665707892988927e+00,4.401151428246744324e+00,9.223524729339988681e+00,1.225141487584255451e+01,1.302350297842443183e+02,2.570214400651096653e+01,-3.402818446376443262e-02
8.078184755921302695e-01,1.013652776360489893e+00,2.444961763270981828e+04,2.478342279434869852e+04,2.400000000000000000e+01,3.093170000000000000e+05,9.073700000000000000e+04,1.195792871583395645e+00,1.074138360580642049e+00,1.113154523555111686e+00,1.902531678883655708e+00,2.768697726481748944e+00,1.971795845484693110e+00,-1.012106457389139180e-03
8.080405243142072536e-01,1.018593553845332123e+00,2.438334364770840693e+04,2.483671666075131361e+04,2.700000000000000000e+01,3.092320000000000000e+05,9.082400000000000000e+04,1.194536898034280537e+00,1.070759378393588701e+00,1.106230434732744294e+00,1.895663344455722044e+00,2.745140176656084563e+00,1.961584647441103613e+00,-1.805907430469044783e-03
8.047905330985373196e-01,1.012831467162737420e+00,1.181080474524951751e+04,1.196235469850369009e+04,2.600000000000000000e+01,1.493520000000000000e+05,4.512900000000000000e+04,2.297247043902319152e+00,4.571929674965229395e+00,9.777925311493039118e+00,1.290255195032520774e+01,1.449228217695425656e+02,2.758832673729252605e+01,-8.948012783065451003e-03
8.077594648107131459e-01,1.013722629330352509e+00,1.174258801855583442e+04,1.190372720131351525e+04,1.900000000000000000e+01,1.485610000000000000e+05,4.371900000000000000e+04,2.321759450891295984e+00,4.675424770377109240e+00,1.010558316977623861e+01,1.330733752333118147e+01,1.543183048593936064e+02,2.877409555074243741e+01,-2.291198428181928648e-02
8.093199477445897072e-01,1.016237971660258532e+00,3.577973437011180795e+04,3.636072468282526097e+04,3.300000000000000000e+01,4.532460000000000000e+05,1.266360000000000000e+05,8.688089253502822018e-01,5.034518743829796694e-01,3.572965821533286013e-01,7.497517903415797935e-01,3.880521935560172775e-01,5.319813301795085492e-01,-6.206157784426624691e-04
8.114847799169715437e-01,1.014051704565997802e+00,3.582273462238446518e+04,3.632610510604434967e+04,2.900000000000000000e+01,4.533010000000000000e+05,1.273430000000000000e+05,8.640638766825210482e-01,4.969644380555728880e-01,3.502208323222572028e-01,7.381066336352128943e-01,3.752745766508313041e-01,5.203333802881884296e-01,-5.734111817584097714e-04
8.088147299593797523e-01,1.013458989907193741e+00,2.442146719537795798e+04,2.475015547587941182e+04,3.500000000000000000e+01,3.089360000000000000e+05,9.048700000000000000e+04,1.192524852095773191e+00,1.067987977483165318e+00,1.103972580639825507e+00,1.888219568007055482e+00,2.726200542721314957e+00,1.951351972626514719e+00,-1.701275916030642321e-03
8.089641475816969907e-01,1.007279139604789986e+00,2.460273309859854635e+04,2.478181982748263181e+04,4.500000000000000000e+01,3.102750000000000000e+05,9.104700000000000000e+04,1.185270272759379129e+00,1.052833779814914550e+00,1.079911407742043528e+00,1.854607801876620332e+00,2.624654537742737048e+00,1.902970117743752576e+00,-1.116367233677362236e-03
8.139856622034810085e-01,1.008326041448698085e+00,2.964297915682517487e+04,2.988978782994779613e+04,3.300000000000000000e+01,3.740340000000000000e+05,1.082900000000000000e+05,1.012939438868414310e+00,7.291004153787790099e-01,6.226949999534570068e-01,1.173132646379944743e+00,1.002670738645748294e+00,1.001707134629856943e+00,-3.684139741524372624e-04
8.101369730015761661e-01,1.008980405515463863e+00,2.968287784581437518e+04,2.994944212573576442e+04,4.000000000000000000e+01,3.746590000000000000e+05,1.104530000000000000e+05,1.006997208136634958e+00,7.184235607763981291e-01,6.083582363029873541e-01,1.152530326115682735e+00,9.650685807923835569e-01,9.768831456920608058e-01,-5.147728043726207403e-04
8.098150230491488744e-01,1.009056074911310219e+00,2.070946972188156724e+04,2.089701623105643739e+04,3.800000000000000000e+01,2.614040000000000000e+05,7.557600000000000000e+04,1.381480280784832759e+00,1.494982241413972845e+00,1.830041332141137289e+00,2.902700920942789864e+00,6.690119455336317245e+00,3.549116776221646674e+00,-1.634682284374466832e-03
8.068036650482057759e-01,1.014553115966532415e+00,2.050243042019534914e+04,2.080080466769621125e+04,2.900000000000000000e+01,2.594920000000000000e+05,6.998000000000000000e+04,1.389598965751610571e+00,1.513376119489451721e+00,1.860348365036647689e+00,2.950512366242124429e+00,6.912628583083241907e+00,3.629700693124127131e+00,-4.048657237849973001e-03
8.124039380160557045e-01,1.023718575216811644e+00,2.074746657991740358e+04,2.123956692655146253e+04,4.100000000000000000e+01,2.637760000000000000e+05,7.610400000000000000e+04,1.379516749621764182e+00,1.490943690232108265e+00,1.824146658463028814e+00,2.891882405060127503e+00,6.642028010280423445e+00,3.531108808848001601e+00,-4.867541679124176568e-03
8.060940570070609379e-01,1.029409902604464300e+00,2.047266035935315813e+04,2.107475930657601202e+04,2.900000000000000000e+01,2.610030000000000000e+05,7.360300000000000000e+04,1.381980030845818552e+00,1.495601947508957474e+00,1.829101609854394184e+00,2.904936503085173705e+00,6.696125445157491640e+00,3.552584270331533567e+00,-7.879879005683765314e-03
8.082188580241377318e-01,1.019340028077392546e+00,2.069581056251192422e+04,2.109606811987530091e+04,1.800000000000000000e+01,2.625630000000000000e+05,7.324500000000000000e+04,1.379370339967143089e+00,1.488961362797061483e+00,1.817178751492057209e+00,2.888443829505534133e+00,6.617510172820665559e+00,3.524565001174855272e+00,-4.421782022458131678e-03
8.090916917696547861e-01,1.015071984584103637e+00,2.053949207979581115e+04,2.084906298778781274e+04,1.700000000000000000e+01,2.600360000000000000e+05,7.401200000000000000e+04,1.388631655642637464e+00,1.510847100833403900e+00,1.855542920992497180e+00,2.944249348597602012e+00,6.881724873635056028e+00,3.618968302878354137e+00,-4.121563594783772544e-03
8.093286802296272286e-01,1.014106729759862269e+00,2.412346288744761478e+04,2.446376605927290439e+04,2.200000000000000000e+01,3.052650000000000000e+05,8.722500000000000000e+04,1.207158930548564157e+00,1.099343881370774989e+00,1.154169120368061741e+00,1.957868975386939603e+00,2.943134456223222895e+00,2.052817542753627933e+00,-1.534045210481727040e-03
8.078142805041900187e-01,1.007527899879785860e+00,2.411019767553246493e+04,2.429169682971571820e+04,2.500000000000000000e+01,3.041040000000000000e+05,8.463600000000000000e+04,1.209722431627298977e+00,1.102655698104712867e+00,1.155992851544211497e+00,1.967189205073654357e+00,2.966516435681040953e+00,2.065694479241850789e+00,-7.593840060287071481e-04
8.100376421281064721e-01,1.011175269835021373e+00,4.141333684794279543e+04,4.187614206198719330e+04,2.100000000000000000e+01,5.233070000000000000e+05,1.474380000000000000e+05,7.723069345861843793e-01,3.763097620200689386e-01,2.311200042448892100e-01,5.323193194084759883e-01,1.867139913952620134e-01,3.265464225515590235e-01,-1.994637313861569172e-04
8.089649622586173594e-01,1.010646401718411580e+00,4.126390539652510779e+04,4.170321750984704704e+04,2.600000000000000000e+01,5.212800000000000000e+05,1.445600000000000000e+05,7.706418641833421290e-01,3.735860138031762423e-01,2.279345290502182708e-01,5.283440660412250800e-01,1.833495611531251179e-01,3.229327578881754923e-01,-2.599141064425214420e-04
8.106992059459608990e-01,1.011843495410945870e+00,2.510486377929292576e+04,2.540219311825540353e+04,2.300000000000000000e+01,3.173290000000000000e+05,8.652900000000000000e+04,1.170330535270147410e+00,1.022301821867233729e+00,1.033471818606302106e+00,1.787078233194710819e+00,2.428648281847265444e+00,1.806895690978139957e+00,-1.071849845178274308e-03
8.112925008508689029e-01,1.014461801186482992e+00,2.519352228576612106e+04,2.555786599625010058e+04,1.900000000000000000e+01,3.188630000000000000e+05,8.881300000000000000e+04,1.162944326707504583e+00,1.007625657832071253e+00,1.011103422238701643e+00,1.754641855178179721e+00,2.337116394398913499e+00,1.761318990555592379e+00,-2.100747909141054137e-03
8.084009636771679608e-01,1.013745796774101260e+00,2.462403247673375154e+04,2.496250942291780302e+04,2.700000000000000000e+01,3.115410000000000000e+05,8.851300000000000000e+04,1.183021697280702611e+00,1.050068536952356801e+00,1.078418252672300293e+00,1.846837752914562980e+00,2.606373878458921212e+00,1.892507209886956199e+00,-7.118793329701222916e-04
8.076229929912217553e-01,1.009531834569418862e+00,2.481025971756068611e+04,2.504674700881278841e+04,2.900000000000000000e+01,3.132450000000000000e+05,8.871100000000000000e+04,1.179154853653071156e+00,1.038971552657258268e+00,1.056547551638689519e+00,1.825010839853914657e+00,2.534210547603684027e+00,1.860232688033641058e+00,-2.626751164895857471e-04
8.106500166086006987e-01,1.011302161087913598e+00,4.159520862540665985e+04,4.206532437377637689e+04,2.800000000000000000e+01,5.256340000000000000e+05,1.541660000000000000e+05,7.656143947524116644e-01,3.680300810240772491e-01,2.234678345994159376e-01,5.188691141623569258e-01,1.766826637187444982e-01,3.147744218987912901e-01,-2.083986451282132668e-04
8.102939049464291665e-01,1.011847163338402966e+00,4.178194303423952078e+04,4.227694053796200023e+04,1.700000000000000000e+01,5.281400000000000000e+05,1.483540000000000000e+05,7.617597955033783563e-01,3.629444330080963121e-01,2.183826620969737120e-01,5.108925798619453618e-01,1.706486756252961201e-01,3.077865345719559831e-01,-2.711840543984239682e-04
8.064274984238871680e-01,1.020045938766220184e+00,1.574517192778583376e+04,1.606079868011383587e+04,2.900000000000000000e+01,1.998180000000000000e+05,5.672400000000000000e+04,1.755903078924394345e+00,2.550431927705132384e+00,4.075435300496593527e+00,5.857733509937363969e+00,2.862077435871102082e+01,9.354840488968040546e+00,-1.179118862785522026e-02
8.091207507508796359e-01,1.012449280154006370e+00,1.595121830294453321e+04,1.614979948839560529e+04,2.000000000000000000e+01,2.016800000000000000e+05,5.486200000000000000e+04,1.737248588922892578e+00,2.489762155888601391e+00,3.926995080385903947e+00,5.674303248039356262e+00,2.678545135781853404e+01,8.953471108618540342e+00,-8.580809320658744355e-03
8.074110331241470817e-01,1.021788140185887928e+00,2.480650298729526185e+04,2.534699055190409854e+04,3.800000000000000000e+01,3.150870000000000000e+05,8.750300000000000000e+04,1.179138609452895281e+00,1.040164959399050515e+00,1.060991358891457015e+00,1.826610232100798203e+00,2.542872416904148558e+00,1.862931249652026056e+00,-2.325701250337486314e-03
8.095933007724980257e-01,1.007817340096168968e+00,2.468813754936034456e+04,2.488113311692469506e+04,3.900000000000000000e+01,3.114320000000000000e+05,8.925700000000000000e+04,1.185655711193994932e+00,1.053137277791036830e+00,1.079383836297498789e+00,1.855718548140897539e+00,2.626371196076725756e+00,1.904384259714412941e+00,-5.981574169799941387e-04
8.112439809562590476e-01,1.043275487398691803e+00,2.526050700247644636e+04,2.635366775494668036e+04,2.300000000000000000e+01,3.242100000000000000e+05,8.919000000000000000e+04,1.144446909589278194e+00,9.708389127153932430e-01,9.567816177145016532e-01,1.674569505518363144e+00,2.119630650544473305e+00,1.649970195469663503e+00,-4.521076100419518795e-03
8.108224253270728266e-01,1.016268640041885440e+00,2.569142568374571783e+04,2.610939024035742477e+04,3.100000000000000000e+01,3.254500000000000000e+05,9.445000000000000000e+04,1.141195306543012267e+00,9.642074515476178886e-01,9.467811710620803733e-01,1.660326367881814313e+00,2.081683689006021076e+00,1.630341602595194450e+00,-2.297278870909691406e-03
8.116089084688193900e-01,1.016348793768131475e+00,2.504930861931961408e+04,2.545883459997114551e+04,2.900000000000000000e+01,3.173260000000000000e+05,8.780000000000000000e+04,1.162503267021147035e+00,1.007677709116072462e+00,1.012879990335027625e+00,1.753953047852667702e+00,2.337791959162052180e+00,1.760673010164100161e+00,-1.422467164894358760e-03
8.096343880092444767e-01,1.009670704680639020e+00,2.513715568026518304e+04,2.538024968936027653e+04,1.800000000000000000e+01,3.173930000000000000e+05,8.519700000000000000e+04,1.170751941769850646e+00,1.023712477634577400e+00,1.036160729892628307e+00,1.789703996549086851e+00,2.437167218380626554e+00,1.810798701883122641e+00,-1.149092557693798256e-03
8.086530754781803276e-01,1.011896504782507922e+00,2.477779456852822113e+04,2.507256372011271378e+04,3.800000000000000000e+01,3.131970000000000000e+05,8.875900000000000000e+04,1.175821273602045025e+00,1.033533542454916132e+00,1.050207053284268888e+00,1.811800995998615216e+00,2.499212187431152810e+00,1.841928343444870553e+00,-1.482582575449198359e-03
8.084427188225763450e-01,1.002803250727585915e+00,2.503603303634962140e+04,2.510621531417463484e+04,3.500000000000000000e+01,3.150370000000000000e+05,8.691900000000000000e+04,1.175362141661985937e+00,1.032425212993401731e+00,1.048697466643069287e+00,1.809490420603191652e+00,2.492639884373095249e+00,1.838592936033693004e+00,-2.434206421497719930e-04
8.066199410422761895e-01,1.005377045960123228e+00,1.594511158422210974e+04,1.603084918204976566e+04,3.300000000000000000e+01,2.008950000000000000e+05,5.514100000000000000e+04,1.752896377604844735e+00,2.540937078881542188e+00,4.052744390731672475e+00,5.828490926535065064e+00,2.832753553786860223e+01,9.290799258652608472e+00,-1.618607197906740680e-03
8.070758491299682147e-01,1.011738788128731192e+00,1.599706760196389405e+04,1.618485378922433665e+04,1.500000000000000000e+01,2.021910000000000000e+05,5.485700000000000000e+04,1.745068579920125540e+00,2.515043045517473708e+00,3.988393039586991318e+00,5.750566810134983164e+00,2.754006341887865972e+01,9.119758367986436909e+00,-8.146829338818051269e-03
8.090970049602036474e-01,1.018143899526539498e+00,2.524473949757635273e+04,2.570277751459403953e+04,3.100000000000000000e+01,3.200830000000000000e+05,8.949200000000000000e+04,1.161158263484731723e+00,1.002498804947521194e+00,1.001482756893000925e+00,1.744773574485065648e+00,2.306376486612742305e+00,1.746951788713902998e+00,-1.909257964036514821e-03
8.074531840756379308e-01,1.002423863818753258e+00,2.563502642112643662e+04,2.569716223416138746e+04,4.200000000000000000e+01,3.225150000000000000e+05,9.544700000000000000e+04,1.150695208885500254e+00,9.830188321126257511e-01,9.744421677872955323e-01,1.701041802013502746e+00,2.190032250981580830e+00,1.686537115954960253e+00,-2.814560005819366495e-04
8.091983021045088265e-01,1.005970595771921383e+00,4.276117611777269485e+04,4.301648581510385702e+04,4.700000000000000000e+01,5.389370000000000000e+05,1.466430000000000000e+05,7.517502028018521187e-01,3.512417903431088173e-01,2.082403557275510353e-01,4.917785614301737329e-01,1.573753221022436144e-01,2.914557789497881912e-01,-1.528377537677177989e-04
8.113829531550927898e-01,1.004584990311061077e+00,4.315069524380913936e+04,4.334854076341754990e+04,5.300000000000000000e+01,5.434720000000000000e+05,1.529160000000000000e+05,7.484175647822296495e-01,3.471728982151726095e-01,2.045466239553260512e-01,4.853230594938295894e-01,1.529123139429694744e-01,2.859590377738417954e-01,-9.719463131309391546e-05
8.096111013392933708e-01,1.001997576543816271e+00,3.119497549657364289e+04,3.125728984791052062e+04,4.400000000000000000e+01,3.923780000000000000e+05,1.152780000000000000e+05,9.739887568895752024e-01,6.640091901175972922e-01,5.411286051026846788e-01,1.046339645862056189e+00,7.873344724633429825e-01,8.526282632733912514e-01,-4.763818583269907592e-05
8.114475075258864578e-01,1.004800432139162814e+00,3.108065792281809627e+04,3.122985851201711921e+04,6.200000000000000000e+01,3.914900000000000000e+05,1.147420000000000000e+05,9.741118806727124824e-01,6.637105339297021400e-01,5.401981125247017346e-01,1.046157456891897652e+00,7.864517364966228108e-01,8.522880625402167176e-01,-3.290370502623818361e-04
8.094075880856635985e-01,1.007301357579049483e+00,4.312436673870713275e+04,4.343923316063650418e+04,5.200000000000000000e+01,5.438730000000000000e+05,1.508470000000000000e+05,7.478318721773081768e-01,3.469257371507479815e-01,2.047678509595442509e-01,4.846178104265098652e-01,1.526616055858941445e-01,2.854418309483766070e-01,-1.121164223593235088e-04
8.098692395648141584e-01,1.025097564134486827e+00,4.334388824164374819e+04,4.443171425662643014e+04,2.900000000000000000e+01,5.514490000000000000e+05,1.541470000000000000e+05,7.402220654874449579e-01,3.377868808435640635e-01,1.963526702235049992e-01,4.701709990538839312e-01,1.428557663195961225e-01,2.732605967563063176e-01,-6.421071633885555574e-04
8.133953379237608416e-01,1.008475066951655785e+00,5.795037129887323681e+04,5.844150457550449210e+04,5.800000000000000000e+01,7.312830000000000000e+05,2.076770000000000000e+05,5.950006855020242291e-01,1.898543612782808976e-01,8.277052173645721433e-02,2.478108838652244572e-01,3.549096520336557370e-02,1.079768500175997126e-01,-5.904129350596878933e-05
8.112941919531689861e-01,1.006785949005514436e+00,5.823416322696913994e+04,5.862933728900615824e+04,7.400000000000000000e+01,7.342500000000000000e+05,2.066500000000000000e+05,5.950493893439655624e-01,1.902553434136152466e-01,8.316687778533093933e-02,2.481404462003691802e-01,3.564686738902030083e-02,1.082345671629046102e-01,-3.122285137932556687e-05
8.077258892377267019e-01,1.021651944994870442e+00,1.595084757846971115e+04,1.629621445286029848e+04,1.100000000000000000e+01,2.025930000000000000e+05,5.597300000000000000e+04,1.748199524374027369e+00,2.522153537892557917e+00,3.999081094239614664e+00,5.775530801386685731e+00,2.775670594959236226e+01,9.172285935688805125e+00,-1.151625134644973514e-02
8.067207485240132092e-01,1.012521099143134817e+00,1.599802271076216493e+04,1.619833553921774001e+04,2.100000000000000000e+01,2.022800000000000000e+05,5.476800000000000000e+04,1.743982404143440412e+00,2.510324248575228179e+00,3.973079764671367808e+00,5.737662988151821075e+00,2.739467651751734678e+01,9.090754200533471163e+00,-8.087566343986551942e-03
8.081189744988503953e-01,1.018069080808597482e+00,1.175039264917764740e+04,1.196271144348838789e+04,1.600000000000000000e+01,1.489790000000000000e+05,4.329700000000000000e+04,2.312243965391052036e+00,4.633294953314575082e+00,9.966626992481266711e+00,1.314470898529214793e+01,1.504528954329698536e+02,2.829410139429299420e+01,-4.045985225603487834e-02
8.081659670506465831e-01,1.021579199613734223e+00,1.165332502300949091e+04,1.190479444984473776e+04,1.400000000000000000e+01,1.480030000000000000e+05,4.339100000000000000e+04,2.320096938484276894e+00,4.667923706765487957e+00,1.007936097295484146e+01,1.327857334946177659e+01,1.536185304302494501e+02,2.868885538166420801e+01,-4.502218587646211745e-02
8.095473637385780519e-01,1.024417815208247040e+00,1.953927204300570156e+04,2.001637837705548009e+04,2.100000000000000000e+01,2.485090000000000000e+05,7.126900000000000000e+04,1.439735979999630100e+00,1.639992400746128842e+00,2.100076097879652437e+00,3.274004556156086210e+00,8.584919485763080615e+00,4.192760162263401646e+00,-8.416730847097042556e-03
8.083815375027859629e-01,1.014082764135672887e+00,1.944488574393313320e+04,1.971872348351005348e+04,2.300000000000000000e+01,2.460580000000000000e+05,7.034200000000000000e+04,1.454788540165974364e+00,1.677920094366347481e+00,2.171953651151660836e+00,3.373727831616402995e+00,9.132512946252433039e+00,4.370142780880589051e+00,-4.199693610623889128e-03
8.095039016311408320e-01,1.021098573453186331e+00,3.495895778018236888e+04,3.569654191875438846e+04,3.100000000000000000e+01,4.439040000000000000e+05,1.253240000000000000e+05,8.759173456737470165e-01,5.146078366559638795e-01,3.699408668450130389e-01,7.688312288562255681e-01,4.100267512120657210e-01,5.515299022359227976e-01,-6.133955957175474261e-04
8.104532423155543785e-01,1.014275107803013887e+00,3.493625899292358372e+04,3.543497785628158454e+04,2.500000000000000000e+01,4.421330000000000000e+05,1.225890000000000000e+05,8.808556326726898478e-01,5.206737642540648636e-01,3.755440496863119426e-01,7.804366095578050277e-01,4.225093863744328049e-01,5.631452200690424403e-01,-6.609138170928785527e-04
8.118418608584341278e-01,1.015696184897074472e+00,2.491093409911775234e+04,2.530194072669633897e+04,3.300000000000000000e+01,3.154740000000000000e+05,8.648100000000000000e+04,1.168130213819860597e+00,1.017988236948701664e+00,1.026805493056150320e+00,1.777475291747678598e+00,2.401316262671667090e+00,1.793390492303083894e+00,-1.530453458134184430e-03
8.093440530233635410e-01,1.018465847466288432e+00,2.509300292206431550e+04,2.555636648649428389e+04,2.300000000000000000e+01,3.182140000000000000e+05,8.881400000000000000e+04,1.162552339243408284e+00,1.006288773299978567e+00,1.008411462197334352e+00,1.752201819332664723e+00,2.329136207902246181e+00,1.757702299139053403e+00,-2.180492327468197544e-03
8.094303836250852369e-01,1.026805315122973017e+00,1.561292879069380433e+04,1.603143826692089169e+04,2.000000000000000000e+01,1.987970000000000000e+05,5.673300000000000000e+04,1.774731914388558707e+00,2.611096745161928911e+00,4.221548059437752798e+00,6.044268663757192961e+00,3.053173280626113950e+01,9.766862644878237631e+00,-1.552223961479626269e-02
8.104102369795422867e-01,1.015490816215487646e+00,1.570276751729259740e+04,1.594601620297750742e+04,3.100000000000000000e+01,1.988360000000000000e+05,5.720000000000000000e+04,1.760219365522713630e+00,2.562637571342995635e+00,4.100135810052607077e+00,5.896969718362390367e+00,2.899628986747391934e+01,9.440009630310685296e+00,-1.163141324752281491e-02
8.111427066473326786e-01,1.015116674378950812e+00,3.558633986730063771e+04,3.612428697941330029e+04,3.800000000000000000e+01,4.505440000000000000e+05,1.285760000000000000e+05,8.667442651889143423e-01,5.009553286614211176e-01,3.547999627189044602e-01,7.450096273921300583e-01,3.830313672615737186e-01,5.273042828989744635e-01,-4.266874756633509680e-04
8.079863439927097435e-01,1.013321443690729184e+00,3.552390435295509815e+04,3.599713404446783534e+04,3.900000000000000000e+01,4.493540000000000000e+05,1.290040000000000000e+05,8.664917625545123236e-01,5.002468502128887273e-01,3.534338627485563711e-01,7.440190147667291587e-01,3.815309484754343949e-01,5.262306579087981939e-01,-4.903899086704521793e-04
8.105862514185618872e-01,1.007481977353798186e+00,2.441277969143330120e+04,2.459543555622786880e+04,2.500000000000000000e+01,3.079130000000000000e+05,8.898700000000000000e+04,1.196561262528625713e+00,1.076704730486665706e+00,1.117980104664379137e+00,1.907410587997702356e+00,2.785372682586354287e+00,1.979212764046363704e+00,-5.716171226799460214e-04
8.098960076243104655e-01,1.011042476933128098e+00,2.452877630059327930e+04,2.479963474709043658e+04,4.300000000000000000e+01,3.099180000000000000e+05,8.887200000000000000e+04,1.188611885897163489e+00,1.058522937900030270e+00,1.086917142417881399e+00,1.868324027073986038e+00,2.662419627118775445e+00,1.922216551230323311e+00,-6.101959825350888877e-04
8.123931189419311139e-01,1.008439739333929275e+00,2.957794707797423689e+04,2.982757724134509772e+04,4.400000000000000000e+01,3.732360000000000000e+05,1.063180000000000000e+05,1.013145619483607707e+00,7.294164636225992648e-01,6.229656553219699022e-01,1.173784987064637964e+00,1.003725235656935943e+00,1.002481354483132803e+00,-4.004671953158345232e-04
8.098652464641136195e-01,1.007958285569262147e+00,2.967697661337157842e+04,2.991315446809310379e+04,2.900000000000000000e+01,3.744010000000000000e+05,1.107110000000000000e+05,1.013538527458979654e+00,7.298898868991055000e-01,6.233358105888154865e-01,1.174876967542187955e+00,1.005424637615611738e+00,1.003739553381500116e+00,-6.839756628261861593e-04
8.091636695204867946e-01,1.017167156562639008e+00,3.063863050582945652e+04,3.116460867258787766e+04,4.100000000000000000e+01,3.882840000000000000e+05,1.129640000000000000e+05,9.796233326053143120e-01,6.742196189414469965e-01,5.549183782719505631e-01,1.065229476134978315e+00,8.189908689607433567e-01,8.746690914426672459e-01,-8.917890374355308403e-04
8.096727481820211736e-01,1.011289412655643094e+00,3.111116523721404883e+04,3.146239201977485936e+04,4.300000000000000000e+01,3.931340000000000000e+05,1.130920000000000000e+05,9.754616042292263423e-01,6.661543553029104503e-01,5.436220784295491271e-01,1.050673443607275548e+00,7.940538295099834887e-01,8.575414908546283854e-01,-8.203639134807261257e-04
8.102028237522028720e-01,1.009517370516459289e+00,3.016095082089747666e+04,3.044800376498866171e+04,5.700000000000000000e+01,3.807920000000000000e+05,1.064120000000000000e+05,1.001720286600938703e+00,7.088515343211038156e-01,5.958322900940412614e-01,1.134255395964596680e+00,9.324558429398694948e-01,9.549672645724109898e-01,-3.100629710361402225e-04
8.102302128801317505e-01,1.003807402295712636e+00,3.027624534975630377e+04,3.039151919580652248e+04,4.500000000000000000e+01,3.811660000000000000e+05,1.060380000000000000e+05,9.981387677606081699e-01,7.037604755307165227e-01,5.902289352222672703e-01,1.123541168335199014e+00,9.149423533005307529e-01,9.425435397821948502e-01,-8.319196389577898643e-05
8.112912205145045297e-01,1.012369995609781137e+00,3.001605677464312976e+04,3.038735526516840400e+04,2.800000000000000000e+01,3.795090000000000000e+05,1.062990000000000000e+05,9.998761349991563963e-01,7.066251703331901668e-01,5.936442380434728827e-01,1.129183587283573598e+00,9.245062902820387896e-01,9.492028842044974990e-01,-6.068816739730475973e-04
8.090922133044783360e-01,1.018963698564694598e+00,2.993923526592741109e+04,3.050699389876793066e+04,2.600000000000000000e+01,3.797670000000000000e+05,1.060410000000000000e+05,1.000236508005903691e+00,7.072417919087520266e-01,5.942158863948323599e-01,1.130394283257991184e+00,9.264388104360201659e-01,9.506349364802944013e-01,-1.120648445113114899e-03
8.128603294705749605e-01,1.010163653503392878e+00,3.078961301872400145e+04,3.110254797694986337e+04,3.800000000000000000e+01,3.888560000000000000e+05,1.081440000000000000e+05,9.750534805602735222e-01,6.665347751791603770e-01,5.450892865256352637e-01,1.050574440681418809e+00,7.950125442193851644e-01,8.577055372183304272e-01,-5.057408702661692068e-04
8.118286032407767694e-01,1.013614012715567725e+00,3.080716362650875817e+04,3.122657274385062556e+04,3.700000000000000000e+01,3.897410000000000000e+05,1.086590000000000000e+05,9.787113371775448822e-01,6.712371834011824356e-01,5.492609102295662460e-01,1.060644699390787427e+00,8.095503130337687869e-01,8.689761567487322980e-01,-1.084840300256462164e-03
8.053503614180043124e-01,1.029136917403428386e+00,8.975114736307121348e+03,9.236621913065195258e+03,1.800000000000000000e+01,1.144010000000000000e+05,3.378800000000000000e+04,2.970315204855045188e+00,7.903818730856020380e+00,2.222875470160879985e+01,2.753594878373252186e+01,6.812517419782636807e+02,7.741380978240874811e+01,-1.363368240512272678e-01
8.040087389755616876e-01,1.019413885385117347e+00,9.016028810657408030e+03,9.191064960616427925e+03,1.700000000000000000e+01,1.143790000000000000e+05,3.305200000000000000e+04,2.954105936486322470e+00,7.812523459074712129e+00,2.183964809918424521e+01,2.709282150428337488e+01,6.590284505307928384e+02,7.572684482943867579e+01,-1.273523417910951139e-01
8.092931216701340080e-01,1.010150190081882560e+00,2.497386316659081785e+04,2.522735262481063910e+04,1.500000000000000000e+01,3.154100000000000000e+05,8.654600000000000000e+04,1.171835659188432466e+00,1.025999364964229166e+00,1.039811448524909476e+00,1.794656385484508121e+00,2.451597843414581313e+00,1.817836505631887034e+00,-9.042378389989558229e-04
8.081374583054360405e-01,1.009268439479980461e+00,2.496473232070859012e+04,2.519611643135698978e+04,2.600000000000000000e+01,3.151560000000000000e+05,8.680000000000000000e+04,1.168317320461855768e+00,1.017691328948199248e+00,1.025152153390955112e+00,1.777400562588746791e+00,2.399231096646033734e+00,1.793053823052709550e+00,-1.178297442446574195e-03
8.130029906526163863e-01,1.014068150047245709e+00,1.553226763957882213e+04,1.575077791130639525e+04,2.800000000000000000e+01,1.965340000000000000e+05,5.899600000000000000e+04,1.788865440626584702e+00,2.655860634024915345e+00,4.327854949024463771e+00,6.184366967942484195e+00,3.199478658530601649e+01,1.007854517820987716e+01,-6.312094642437315883e-03
8.133821972934397460e-01,1.009067282556430412e+00,1.565143374950509315e+04,1.579334972172510788e+04,4.900000000000000000e+01,1.975530000000000000e+05,5.797700000000000000e+04,1.774245398920982097e+00,2.608102493008228162e+00,4.211365451385925773e+00,6.036606794791296693e+00,3.043692548800330044e+01,9.748890592656245246e+00,-8.320349836406393251e-03
8.079973590479923029e-01,1.008922275575969696e+00,2.939711804240346100e+04,2.965940723071709363e+04,2.300000000000000000e+01,3.710490000000000000e+05,1.029710000000000000e+05,1.022092634915182874e+00,7.449387381343669512e-01,6.433525743238396322e-01,1.204437448979473357e+00,1.060231831722943330e+00,1.039547888516013430e+00,-5.480045939095790075e-04
8.089414677687765121e-01,1.012174323748776139e+00,2.919489464427601706e+04,2.955032274348684587e+04,3.000000000000000000e+01,3.690900000000000000e+05,1.028630000000000000e+05,1.017924970787680072e+00,7.364886952994481595e-01,6.305524583789474669e-01,1.188685724313589986e+00,1.029108309500052831e+00,1.020117157939590680e+00,-6.886519295261628315e-04
8.065640217816659741e-01,1.009353624738130284e+00,1.044440995646878400e+04,1.054210304781278501e+04,2.600000000000000000e+01,1.318460000000000000e+05,3.625400000000000000e+04,2.586673875140220513e+00,5.893339189754666307e+00,1.430886301808309469e+01,1.830416259697538450e+01,2.962288546945433723e+02,4.443555124122885047e+01,-2.084708204967000711e-02
8.112787968800488914e-01,1.010063394994192620e+00,1.043444448550324523e+04,1.053945042190583990e+04,2.700000000000000000e+01,1.317610000000000000e+05,3.633900000000000000e+04,2.595977331022488954e+00,5.941222294160311890e+00,1.449334878424810924e+01,1.850639399460002466e+01,3.030868371364346103e+02,4.510863658999826953e+01,-2.944522781595537708e-02
8.070775908777093610e-01,1.006224836961277180e+00,1.985029920551614487e+04,1.997386408170305367e+04,1.800000000000000000e+01,2.502110000000000000e+05,7.411900000000000000e+04,1.431223911067511789e+00,1.617833604728692087e+00,2.057123751039299009e+00,3.216969067621647138e+00,8.275619789479829791e+00,4.091794365929275479e+00,-1.516651336185503851e-03
8.065675699604673010e-01,1.008406371721598305e+00,1.971778685559986843e+04,1.988354190143528467e+04,3.500000000000000000e+01,2.488000000000000000e+05,7.382000000000000000e+04,1.451160887851385306e+00,1.668389780138348488e+00,2.152615294876968566e+00,3.348970369746532505e+00,8.991873006592093986e+00,4.325736384403289669e+00,-1.197252679691729327e-03
8.107376984111092089e-01,1.013123975354948803e+00,2.472631190917422646e+04,2.505081941728900711e+04,2.000000000000000000e+01,3.127420000000000000e+05,8.858000000000000000e+04,1.184556334566736702e+00,1.049446666736022715e+00,1.072081368362244325e+00,1.848764776311941471e+00,2.602773217800748107e+00,1.893920899475922015e+00,-1.002218750084660215e-03
8.097393050697815342e-01,1.006844239390016549e+00,2.455703305465808080e+04,2.472510726759270983e+04,3.800000000000000000e+01,3.096290000000000000e+05,8.979400000000000000e+04,1.192682706245497215e+00,1.067227044824634374e+00,1.101043319500186302e+00,1.887484915357394932e+00,2.720993041698013037e+00,1.949898007201131378e+00,-4.570988056435965063e-04
8.104072415354173220e-01,1.043521446974216671e+00,1.208724742630374931e+04,1.261330192423186600e+04,1.100000000000000000e+01,1.551520000000000000e+05,4.507400000000000000e+04,2.222037840359522676e+00,4.255619542220943963e+00,8.781546074195505369e+00,1.169763828588868648e+01,1.185585041123092935e+02,2.413121956471632856e+01,-6.390070231941535894e-02
8.080481422184586648e-01,1.018357117333191120e+00,1.207669113588598884e+04,1.229838437206415620e+04,1.900000000000000000e+01,1.531390000000000000e+05,4.266700000000000000e+04,2.244884544097173418e+00,4.351143773100848655e+00,9.078743000208131519e+00,1.205657059209278792e+01,1.261387527506230981e+02,2.514927413474167395e+01,-3.704054685113788992e-02
8.122500094988518438e-01,1.019402668622005015e+00,1.991725226298302732e+04,2.030370010850256585e+04,2.200000000000000000e+01,2.526920000000000000e+05,7.049800000000000000e+04,1.426311286915459053e+00,1.606395184267056298e+00,2.037806098700821078e+00,3.186454802754972171e+00,8.119756450416229399e+00,4.038627987794556340e+00,-4.611540720749651712e-03
8.086371080418243151e-01,1.023340578680802970e+00,1.996750531963361573e+04,2.043355844860587604e+04,2.500000000000000000e+01,2.538210000000000000e+05,7.107800000000000000e+04,1.419371467670786480e+00,1.586689063012155509e+00,1.995882460159921656e+00,3.137925513168269287e+00,7.852921640029100203e+00,3.952650322662873084e+00,-6.789205862862690566e-03
8.108974118295162459e-01,1.011375795463172134e+00,2.995387741325431853e+04,3.029462659603643624e+04,2.900000000000000000e+01,3.785360000000000000e+05,1.079700000000000000e+05,1.004741040737952673e+00,7.151303539393162323e-01,6.050817714479916898e-01,1.145625552445555195e+00,9.538299856098438889e-01,9.688024931700754960e-01,-6.510991340900607049e-04
8.093651901793000869e-01,1.014437626076724941e+00,2.975211595374948956e+04,3.018166587888108552e+04,2.400000000000000000e+01,3.765540000000000000e+05,1.078580000000000000e+05,1.005129429403312624e+00,7.149473814455296061e-01,6.035873491404627478e-01,1.145943892678829013e+00,9.530481946984360464e-01,9.689476737396861550e-01,-9.868758343040684444e-04
8.055450305811387990e-01,1.008663743744031116e+00,2.943027909660168007e+04,2.968525549300995044e+04,3.300000000000000000e+01,3.714120000000000000e+05,1.046790000000000000e+05,1.024435767949428477e+00,7.489161999590554508e-01,6.483561199605368808e-01,1.212425775189053034e+00,1.074953079579172854e+00,1.049232525605323429e+00,-4.606719819050253406e-04
8.076652464473093040e-01,1.007707451478752514e+00,2.936669501021327596e+04,2.959303738709581739e+04,3.100000000000000000e+01,3.704370000000000000e+05,1.029030000000000000e+05,1.022995592113245422e+00,7.455746222415975399e-01,6.428121203991425947e-01,1.206456012300457736e+00,1.062451804830404800e+00,1.041734472273055268e+00,-3.809173451128078369e-04
8.082079044485571684e-01,1.010844624600950592e+00,2.438843244171678452e+04,2.465291583615284981e+04,3.200000000000000000e+01,3.081220000000000000e+05,8.877700000000000000e+04,1.197206493669055627e+00,1.077817647448046534e+00,1.119492148862518244e+00,1.910106914559477342e+00,2.793167492497717674e+00,1.983034550316142619e+00,-1.494771710547793120e-03
8.093460108684070731e-01,1.008136379750162126e+00,2.430420385580257789e+04,2.450195208789873868e+04,2.500000000000000000e+01,3.066460000000000000e+05,8.835400000000000000e+04,1.202441087013585763e+00,1.087802307960235249e+00,1.133342563639374578e+00,1.933339851064601378e+00,2.861823680458063457e+00,2.016430104297127990e+00,-1.083749142892997952e-03
8.100253608615776146e-01,1.011990487453253706e+00,2.445779037136230909e+04,2.475105119994443885e+04,3.400000000000000000e+01,3.091710000000000000e+05,8.961500000000000000e+04,1.195570481142611996e+00,1.073975203488600316e+00,1.112743579456731524e+00,1.901898699008994997e+00,2.766804810954488936e+00,1.970990167538036353e+00,-1.862563641167991335e-03
8.088385264060766744e-01,1.008121909329428689e+00,2.429229086998874118e+04,2.448959065383889538e+04,2.700000000000000000e+01,3.064910000000000000e+05,8.788400000000000000e+04,1.200708163227374392e+00,1.084557337005515487e+00,1.128972612848792245e+00,1.925719757654719810e+00,2.839430869820412262e+00,2.005484556687925579e+00,-1.108903971648533826e-03
8.086402153771320434e-01,1.010725251068313790e+00,4.081403467050678591e+04,4.125177543945883372e+04,3.100000000000000000e+01,5.156160000000000000e+05,1.421040000000000000e+05,7.842197597858919789e-01,3.908344888269423278e-01,2.445415649087333554e-01,5.564084443534308422e-01,2.052421970989180555e-01,3.478484810795873794e-01,-2.233423390983757528e-04
8.089378409496084110e-01,1.007459411649155534e+00,4.068672412936283945e+04,4.099022315329939011e+04,3.100000000000000000e+01,5.131770000000000000e+05,1.421130000000000000e+05,7.837561418472640540e-01,3.899334245507769525e-01,2.432048575073256225e-01,5.551450325551937626e-01,2.039837851254074352e-01,3.466583541766179444e-01,-1.768673484352223380e-04
8.043453548036242351e-01,1.006823010566355814e+00,1.524839438732942654e+04,1.535243434335413622e+04,2.500000000000000000e+01,1.922530000000000000e+05,5.525300000000000000e+04,1.826952838811428448e+00,2.781389499035201496e+00,4.638225298947160624e+00,6.578639959309374952e+00,3.633959609279236247e+01,1.097152541625441557e+01,-3.725453682747570383e-03
8.071002590633621354e-01,1.008348520284577665e+00,1.511905873402981706e+04,1.524528050255458584e+04,1.900000000000000000e+01,1.907730000000000000e+05,5.178300000000000000e+04,1.840856780181365338e+00,2.828272108823179920e+00,4.757180210518785479e+00,6.727274710260924273e+00,3.805691119935826094e+01,1.131357193193125177e+01,-7.659485395265619445e-03
8.080060391053707214e-01,1.014085495378859614e+00,2.004936764990975644e+04,2.033177292529161787e+04,2.300000000000000000e+01,2.537030000000000000e+05,7.119700000000000000e+04,1.423120110412007255e+00,1.597038358869631747e+00,2.018044813665048842e+00,3.163612243772167432e+00,7.993560056371869393e+00,3.997982269146982404e+00,-3.086980151741691714e-03
8.089028949175933736e-01,1.008931107108476777e+00,1.990328199660871178e+04,2.008104033993064149e+04,1.900000000000000000e+01,2.512160000000000000e+05,7.311400000000000000e+04,1.433638639605181231e+00,1.623281744553547679e+00,2.065927149292282383e+00,3.231759502062650391e+00,8.350568378618440590e+00,4.117522395980724781e+00,-2.300183371734654258e-03
8.115380057571714989e-01,1.013154567987863075e+00,1.935353126117844658e+04,1.960811860395885378e+04,9.000000000000000000e+00,2.447910000000000000e+05,6.712500000000000000e+04,1.466200073843540341e+00,1.708903019678616353e+00,2.234819985979169754e+00,3.453834784239798950e+00,9.595632095067347933e+00,4.515025618680593489e+00,-3.156370316149015309e-03
8.086616716012751116e-01,1.009581325356533110e+00,1.918669757798132196e+04,1.937053156999336716e+04,1.100000000000000000e+01,2.422530000000000000e+05,6.577100000000000000e+04,1.483085504453206749e+00,1.752021487297139801e+00,2.317309605124886929e+00,3.569347041084972805e+00,1.026538330989297165e+01,4.724528430879179730e+00,-3.398225786500397305e-03
8.089397400666312743e-01,1.028973272265064631e+00,1.587017044302812792e+04,1.632998121216696381e+04,1.500000000000000000e+01,2.022890000000000000e+05,5.627700000000000000e+04,1.738984061908861456e+00,2.497315292093918782e+00,3.950694761419268897e+00,5.694964553813159469e+00,2.701302405876355905e+01,8.999689468541586024e+00,-1.543037018450199582e-02
8.069282496222434098e-01,1.013152225143727492e+00,1.578861060004500177e+04,1.599626596136343505e+04,1.900000000000000000e+01,1.996940000000000000e+05,5.583600000000000000e+04,1.754843942498308218e+00,2.546301832028498247e+00,4.063487892973788540e+00,5.845885227882432034e+00,2.849212838446383955e+01,9.328357571219756394e+00,-8.513961489871491040e-03
8.094276766418132540e-01,1.008265900435269424e+00,4.248135635417537560e+04,4.283250301615418721e+04,3.000000000000000000e+01,5.360260000000000000e+05,1.470760000000000000e+05,7.561978772395053783e-01,3.568353641113627961e-01,2.134550342485458663e-01,5.005937651057171811e-01,1.636369228612166715e-01,2.990331680815892512e-01,-7.936054843034334727e-05
8.093437711050397443e-01,1.009867327069030374e+00,4.212538371221834677e+04,4.254104865121520561e+04,3.700000000000000000e+01,5.319570000000000000e+05,1.486670000000000000e+05,7.586053297100419091e-01,3.590755550399054030e-01,2.147685376844552518e-01,5.046707034649949852e-01,1.661487731496442410e-01,3.024133662148426605e-01,-2.056817372175778758e-04
8.115830083634538727e-01,1.016799635203220697e+00,1.203327955869299694e+04,1.223543426557741259e+04,1.100000000000000000e+01,1.524720000000000000e+05,4.200800000000000000e+04,2.253509281786056029e+00,4.386920686138371828e+00,9.190183064268346413e+00,1.219275058385715838e+01,1.290668187696356881e+02,2.553768552574840101e+01,-2.819876121591846641e-02
8.068921292831875425e-01,1.014971635535901751e+00,1.195931276671151136e+04,1.213836323871457171e+04,1.100000000000000000e+01,1.513970000000000000e+05,4.352500000000000000e+04,2.276362407630160067e+00,4.482254505180526039e+00,9.487452780310283273e+00,1.255816248470898522e+01,1.370767969627105742e+02,2.658730496523653031e+01,-3.319046246117807186e-02
8.061273939390254384e-01,1.017027142876190782e+00,1.180470140546494986e+04,1.200570174290657269e+04,2.800000000000000000e+01,1.495900000000000000e+05,4.489000000000000000e+04,2.301582106253614590e+00,4.590254559270393386e+00,9.836265500915743587e+00,1.297374782868171650e+01,1.465592693844034784e+02,2.779609522202329330e+01,-2.891777267093686987e-02
8.085322893412861811e-01,1.018149952995693219e+00,1.170560371301021769e+04,1.191805987018756423e+04,1.500000000000000000e+01,1.484190000000000000e+05,4.386100000000000000e+04,2.317764064483434527e+00,4.658710405074967476e+00,1.005212401770338815e+01,1.324134650643374655e+01,1.527661492601993132e+02,2.858017976916526592e+01,-3.773343446981414218e-02
8.064932896164241916e-01,1.011952554124559089e+00,1.175283561102481326e+04,1.189331201478263210e+04,2.500000000000000000e+01,1.485520000000000000e+05,4.592800000000000000e+04,2.311474302965685013e+00,4.631585604636622833e+00,9.965819892090737042e+00,1.313589111809078958e+01,1.502954467530460079e+02,2.826990607663002564e+01,-1.853892606041540603e-02
8.081906912526214404e-01,1.016717909552309118e+00,1.164321638139700372e+04,1.183786661975916286e+04,2.300000000000000000e+01,1.475160000000000000e+05,4.300400000000000000e+04,2.327618604372438060e+00,4.701705155423995919e+00,1.019363378479509308e+01,1.340886563145042132e+01,1.567662446830987335e+02,2.907499776143845693e+01,-4.354047504129709978e-02
8.052268240850549708e-01,1.013976625386526109e+00,1.172092633428981389e+04,1.188474533084725226e+04,3.600000000000000000e+01,1.483010000000000000e+05,4.397900000000000000e+04,2.310386968616806591e+00,4.627524349987922392e+00,9.954036962799447608e+00,1.311917807617846421e+01,1.499199947474187127e+02,2.822155580280967868e+01,-2.666929088931624392e-02
8.076997151272248265e-01,1.010235164335678837e+00,1.162996956235898324e+04,1.174900421204867052e+04,1.300000000000000000e+01,1.468830000000000000e+05,4.146900000000000000e+04,2.329492230816006426e+00,4.709749332590541293e+00,1.021899343548387229e+01,1.344033138897173885e+01,1.575139497809287832e+02,2.916814815186279830e+01,-2.030016722460459277e-02
8.066727222209300052e-01,1.012953570980626772e+00,1.162921401829684874e+04,1.177985386753175771e+04,1.000000000000000000e+01,1.470700000000000000e+05,4.214600000000000000e+04,2.338101904675944809e+00,4.747996627222440758e+00,1.034672597414612483e+01,1.358921981687094416e+01,1.611362511446847066e+02,2.961076980478124554e+01,-2.123766345503952380e-02
8.071337219669367791e-01,1.010465113945678839e+00,1.163679780802531241e+04,1.175857822304912406e+04,1.600000000000000000e+01,1.469860000000000000e+05,4.310600000000000000e+04,2.338057980058973140e+00,4.747255778772799140e+00,1.034237636551511486e+01,1.358706636424990855e+01,1.610640843921640624e+02,2.960376822003754071e+01,-2.653793325644926426e-02
8.131288375914375033e-01,1.013977047439842627e+00,1.166398047128517646e+04,1.182700847966972651e+04,3.000000000000000000e+01,1.475800000000000000e+05,4.513200000000000000e+04,2.322636097106183684e+00,4.679733297370998635e+00,1.012129138614701596e+01,1.332350460701180772e+01,1.547197200045094974e+02,2.882232411145155382e+01,-2.953519375755320198e-02
8.063937135688216129e-01,1.012867772320429793e+00,1.161460709417249927e+04,1.176406121385156075e+04,1.400000000000000000e+01,1.468800000000000000e+05,4.232900000000000000e+04,2.330868925129489178e+00,4.717292398642216611e+00,1.024809744590679017e+01,1.346766613632980913e+01,1.582195434082900647e+02,2.925086509322953887e+01,-3.184792324150009790e-02
8.073632844380808082e-01,1.013389163537999682e+00,1.163615147544512365e+04,1.179194981050279421e+04,3.300000000000000000e+01,1.471850000000000000e+05,4.246300000000000000e+04,2.331555528284726009e+00,4.720555468136861776e+00,1.026098875787193698e+01,1.348013286250216680e+01,1.585389069935062594e+02,2.928806630195881766e+01,-2.456329781280430780e-02
8.080242825221501946e-01,1.012697805841417553e+00,1.161104769416321324e+04,1.175848252339913597e+04,1.700000000000000000e+01,1.468240000000000000e+05,4.196400000000000000e+04,2.340249166962494520e+00,4.758329978240938729e+00,1.038312145547480370e+01,1.362840844805420559e+01,1.621181614776551783e+02,2.972845883715816129e+01,-3.249127063031664875e-02
8.064787228323858637e-01,1.009758083176897303e+00,1.182333727892926618e+04,1.193871038752556888e+04,2.800000000000000000e+01,1.492820000000000000e+05,4.431400000000000000e+04,2.306860651601889245e+00,4.612373347357913822e+00,9.905713411946370783e+00,1.306033340597349124e+01,1.485505527951022771e+02,2.804894141877530345e+01,-1.730823047839180617e-02
8.073411086491485422e-01,1.014700857499202691e+00,1.172400044423832514e+04,1.189635330408966183e+04,1.900000000000000000e+01,1.483960000000000000e+05,4.344800000000000000e+04,2.313854193953298832e+00,4.642353963167382247e+00,1.000073678719441617e+01,1.317696647567573365e+01,1.512652412916329467e+02,2.839125116348423816e+01,-4.053416479557370167e-02
8.097270840198673714e-01,1.013746891191711130e+00,1.171386807495462563e+04,1.187489734481508458e+04,1.800000000000000000e+01,1.482000000000000000e+05,4.452000000000000000e+04,2.332791862990248877e+00,4.723920623398455199e+00,1.026497009562043417e+01,1.349610279223330167e+01,1.588515315498884775e+02,2.933321353632167217e+01,-2.134420396568259548e-02
8.106241155593832959e-01,1.009723795977474969e+00,1.170482217279678844e+04,1.181863747555768896e+04,1.000000000000000000e+01,1.477950000000000000e+05,4.186500000000000000e+04,2.325937587381078586e+00,4.694982629405158647e+00,1.017266546749710088e+01,1.338155510659193048e+01,1.561267277477703033e+02,2.899503028020246376e+01,-2.192465652889552530e-02
8.068205699292735344e-01,1.009015529744596629e+00,1.215117632732739730e+04,1.226072561893825696e+04,1.700000000000000000e+01,1.533720000000000000e+05,4.199200000000000000e+04,2.246385805153731763e+00,4.357785259298453617e+00,9.102140629017545947e+00,1.208121212989789228e+01,1.266885981941474739e+02,2.521990298685528487e+01,-1.898951034159779283e-02
8.067286993969755571e-01,1.004897575117461583e+00,1.233548651300716847e+04,1.227536698112271188e+04,1.100000000000000000e+01,1.546220000000000000e+05,4.118400000000000000e+04,2.231538814332558296e+00,4.293226380660102315e+00,8.890480789040118736e+00,1.184101158934829812e+01,1.214914828617814919e+02,2.453469707918200271e+01,4.731292988076063466e-03
8.069246540903264320e-01,1.014209896825177815e+00,1.177106182000724402e+04,1.193832739399233651e+04,1.600000000000000000e+01,1.489570000000000000e+05,4.464200000000000000e+04,2.311917126776919407e+00,4.633922347903155270e+00,9.974185577204579545e+00,1.314425714428716141e+01,1.505021763632715306e+02,2.829504509213315444e+01,-3.549210075379960472e-02
8.085530832677421120e-01,1.012841216368467689e+00,1.175501645158195606e+04,1.190596516125161725e+04,1.200000000000000000e+01,1.486570000000000000e+05,4.318300000000000000e+04,2.309974285364176261e+00,4.626660505453713768e+00,9.952917564995154009e+00,1.311439522205105845e+01,1.498295920493273456e+02,2.820863413811384035e+01,-2.867102774038698954e-02
8.077063691718655569e-01,1.002566753919811759e+00,1.521749257440586553e+04,1.525655213312092746e+04,1.700000000000000000e+01,1.914530000000000000e+05,5.159200000000000000e+04,1.827642453463678818e+00,2.783633574826876345e+00,4.644360115862092186e+00,6.585850944586349343e+00,3.642342563155398238e+01,1.098798173662616051e+01,-1.572438923862051752e-03
8.075402861100633434e-01,1.004484366792717021e+00,1.511865479869597948e+04,1.518645239222580494e+04,3.400000000000000000e+01,1.903950000000000000e+05,5.166800000000000000e+04,1.832640623118163337e+00,2.800270536166453716e+00,4.685304266136132156e+00,6.638694386926813351e+00,3.702481601664690913e+01,1.110919697860951416e+01,-5.665456816103642268e-03
8.074751065408192208e-01,1.007448601662016108e+00,1.524929865004162457e+04,1.536288460131090505e+04,1.100000000000000000e+01,1.923330000000000000e+05,5.368200000000000000e+04,1.820373980319759166e+00,2.759447559883146717e+00,4.583850261801445392e+00,6.509203075378053427e+00,3.555551184814984822e+01,1.081281770030896006e+01,-6.643985823238551802e-03
8.078111117450202938e-01,1.011201281721715972e+00,1.521453004177405455e+04,1.538495227903547675e+04,1.100000000000000000e+01,1.922530000000000000e+05,5.227500000000000000e+04,1.816620249075750593e+00,2.746940897609398302e+00,4.551987229626330844e+00,6.469794576067451786e+00,3.511043746661535181e+01,1.072297073713518500e+01,-8.934989730864373314e-03
8.073741732765801205e-01,1.011287938611632464e+00,1.147675600410643710e+04,1.160630492134147426e+04,1.300000000000000000e+01,1.450230000000000000e+05,3.944500000000000000e+04,2.359768917035397706e+00,4.841673111873342705e+00,1.064987457460557607e+01,1.396044913444375091e+01,1.702242093767785605e+02,3.071829480966702519e+01,-2.987703245958073239e-02
8.074365419142535139e-01,1.010045502652493710e+00,1.144492257521409374e+04,1.155989257530099167e+04,1.700000000000000000e+01,1.445340000000000000e+05,3.993400000000000000e+04,2.386993457044757960e+00,4.963933462729231749e+00,1.106270549060227282e+01,1.444464297559169452e+01,1.825958441286747984e+02,3.218249962048395219e+01,-2.652346488135037816e-02
8.088442561477003911e-01,1.012386541216197422e+00,1.158211485383771833e+04,1.172557719684551012e+04,1.500000000000000000e+01,1.464350000000000000e+05,4.061500000000000000e+04,2.342010419039540103e+00,4.764256182752110824e+00,1.039784079371571401e+01,1.365424126745069522e+01,1.626945229817298468e+02,2.980335128365774366e+01,-3.029692631261582392e-02
8.078440136498250546e-01,1.011128092402672873e+00,1.150880968499005212e+04,1.163688078260939801e+04,1.400000000000000000e+01,1.454170000000000000e+05,4.119800000000000000e+04,2.371293004696907847e+00,4.892689870587216383e+00,1.082009173410109781e+01,1.416269054489190893e+01,1.753210708684460428e+02,3.132705659086655814e+01,-2.810782781433829314e-02
8.035219388880004976e-01,1.006381113516344517e+00,1.524578485704607738e+04,1.534306994086465420e+04,2.800000000000000000e+01,1.921740000000000000e+05,5.382600000000000000e+04,1.819828767477204678e+00,2.757986234974172834e+00,4.581195603711630149e+00,6.504269605911494168e+00,3.550481193790703571e+01,1.080176122333870659e+01,-4.253010133911772073e-03
8.074079390395344502e-01,1.005291910709454672e+00,1.526698678876270969e+04,1.534777831965126643e+04,7.000000000000000000e+00,1.923490000000000000e+05,5.366600000000000000e+04,1.829000146753235745e+00,2.788234688335656131e+00,4.655549766350992158e+00,6.600265142614297531e+00,3.658706370446560641e+01,1.102112780990439589e+01,-4.580048805998160333e-03
8.066541134855355066e-01,1.011070216830189716e+00,1.169757092644980185e+04,1.182706557299212545e+04,1.900000000000000000e+01,1.477970000000000000e+05,4.229800000000000000e+04,2.319560429255458800e+00,4.666855757856930964e+00,1.008097516430655460e+01,1.327255439899404976e+01,1.535263906093258299e+02,2.867257408849134848e+01,-1.980635320875023808e-02
8.073942798726896353e-01,1.006982665077952310e+00,1.153894471834735486e+04,1.161951730466857953e+04,1.200000000000000000e+01,1.454980000000000000e+05,3.940100000000000000e+04,2.367039517210288491e+00,4.874343767010406836e+00,1.075974705164377276e+01,1.408910104605826064e+01,1.734706293265422232e+02,3.110579846135387427e+01,-1.904716316879273563e-02
8.082893192505775648e-01,1.014972287570607978e+00,1.165198229552835073e+04,1.182643912522463324e+04,2.300000000000000000e+01,1.474980000000000000e+05,4.477800000000000000e+04,2.324178185221429160e+00,4.685987584836468045e+00,1.014000776198655451e+01,1.334857382338203635e+01,1.552999948706187183e+02,2.889584510919862836e+01,-2.065205381708778987e-02
8.077767075218880155e-01,1.013350811344568170e+00,1.161087788389460002e+04,1.176589252406729611e+04,1.000000000000000000e+01,1.468690000000000000e+05,4.235200000000000000e+04,2.341949231341777349e+00,4.765051923795331490e+00,1.040268931646589579e+01,1.365585267765112221e+01,1.627612575286495940e+02,2.980935737320983847e+01,-3.784740477225057020e-02
8.110225963312845954e-01,1.006602850872188482e+00,1.551802015231771293e+04,1.562048332521508382e+04,3.200000000000000000e+01,1.956260000000000000e+05,5.990400000000000000e+04,1.793480937934696762e+00,2.669670551385380453e+00,4.359018334475289080e+00,6.228861798598961386e+00,3.245692613127208404e+01,1.017741599279956866e+01,-4.128261316235892764e-03
